2 0.5984375 0.73125 0.1390625 0.3515625
0 0.5828125 0.5890625 0.0328125 0.053125
1 0.6234375 0.815625 0.028125 0.034375
2 0.39765625 0.35390625 0.0875 0.228125
2 0.48984375 0.25234375 0.078125 0.2109375
2 0.8265625 0.18203125 0.0859375 0.203125
1 0.846875 0.22578125 0.0171875 0.0203125
1 0.41015625 0.4265625 0.0203125 0.021875
1 0.50234375 0.29765625 0.01875 0.0234375
0 0.3828125 0.26484375 0.0234375 0.034375
0 0.47578125 0.1703125 0.015625 0.028125
0 0.48125 0.1625 0.0171875 0.0265625
0 0.81875 0.09765625 0.0171875 0.028125
0 0.82734375 0.09765625 0.0171875 0.0234375