2 0.5890625 0.65703125 0.05234375 0.18984375
0 0.59140625 0.5765625 0.0140625 0.02421875
1 0.6 0.70234375 0.0140625 0.01953125
2 0.4171875 0.33359375 0.0265625 0.11640625
1 0.4171875 0.35703125 0.009375 0.0140625
0 0.415625 0.2828125 0.0078125 0.015625
2 0.61796875 0.32890625 0.028125 0.10390625
1 0.621875 0.35390625 0.0078125 0.0140625
0 0.61953125 0.284375 0.01015625 0.01328125
2 0.7453125 0.309375 0.03515625 0.103125
2 0.734375 0.26953125 0.025 0.07421875
0 0.74921875 0.26796875 0.0078125 0.015625
1 0.75078125 0.33203125 0.0078125 0.01171875
2 0.70546875 0.18203125 0.021875 0.075
0 0.70625 0.153125 0.00625 0.0125
1 0.709375 0.20078125 0.00546875 0.01015625
2 0.65546875 0.18203125 0.0203125 0.075
0 0.65703125 0.153125 0.00703125 0.0125