2 0.5859375 0.55703125 0.0328125 0.128125
0 0.58828125 0.50390625 0.0109375 0.01953125
1 0.5921875 0.5859375 0.009375 0.0125
2 0.803125 0.4890625 0.04296875 0.1046875
0 0.80390625 0.4453125 0.00859375 0.01328125
0 0.8109375 0.44609375 0.00703125 0.01328125
1 0.81015625 0.51171875 0.0078125 0.01015625
2 0.63046875 0.38671875 0.021875 0.07734375
2 0.603125 0.36328125 0.0171875 0.07109375
2 0.6515625 0.35 0.02265625 0.07109375
2 0.7359375 0.36640625 0.021875 0.07109375
2 0.6140625 0.33671875 0.01875 0.0671875
1 0.60625 0.37734375 0.00546875 0.0078125
1 0.6359375 0.4015625 0.00625 0.0078125
1 0.65390625 0.3640625 0.00625 0.0078125
1 0.615625 0.35234375 0.0046875 0.00625
1 0.73984375 0.3859375 0.00546875 0.0078125
0 0.6046875 0.3328125 0.00546875 0.009375
0 0.63125 0.35390625 0.00546875 0.009375
0 0.65078125 0.31875 0.00546875 0.00859375
0 0.6546875 0.32109375 0.00625 0.0078125
0 0.7359375 0.3359375 0.00546875 0.01015625
0 0.74140625 0.3375 0.00625 0.009375