2 0.39296875 0.821875 0.1296875 0.35625
0 0.371875 0.68046875 0.034375 0.05625
1 0.4078125 0.92578125 0.03125 0.040625
2 0.24921875 0.27890625 0.065625 0.2046875
2 0.34375 0.26953125 0.075 0.20625
2 0.740625 0.35859375 0.1 0.25
2 0.84375 0.1109375 0.0734375 0.1828125
0 0.2359375 0.190625 0.01875 0.025
0 0.325 0.1859375 0.021875 0.028125
0 0.33125 0.18125 0.0140625 0.0265625
0 0.7359375 0.2546875 0.021875 0.0359375
0 0.8359375 0.03359375 0.01875 0.0265625
1 0.2515625 0.31875 0.015625 0.021875
1 0.3515625 0.31171875 0.015625 0.01875
1 0.7703125 0.4328125 0.01875 0.028125
1 0.85859375 0.165625 0.01875 0.01875