2 0.43046875 0.67265625 0.05 0.20859375
0 0.4296875 0.58359375 0.0140625 0.02890625
1 0.434375 0.7234375 0.01484375 0.02109375
2 0.67578125 0.50390625 0.03984375 0.14921875
0 0.68046875 0.43984375 0.0125 0.0203125
1 0.6859375 0.5421875 0.0109375 0.01484375
2 0.8890625 0.53046875 0.059375 0.15390625
0 0.9015625 0.46796875 0.01484375 0.0265625
1 0.90546875 0.56953125 0.0109375 0.0140625
2 0.3890625 0.1984375 0.01953125 0.078125
1 0.38828125 0.2140625 0.00703125 0.01015625
0 0.38828125 0.165625 0.00703125 0.01171875
2 0.56875 0.196875 0.01953125 0.078125
1 0.5703125 0.21640625 0.00625 0.00859375
2 0.6140625 0.22578125 0.025 0.078125
1 0.615625 0.2421875 0.00703125 0.01015625
2 0.6984375 0.2140625 0.0234375 0.08359375
0 0.7 0.1796875 0.00859375 0.0125
0 0.6140625 0.19140625 0.00625 0.01171875
0 0.61796875 0.1953125 0.00703125 0.01328125
1 0.70234375 0.22890625 0.0078125 0.009375
2 0.7234375 0.271875 0.03203125 0.09453125
0 0.72578125 0.2328125 0.01015625 0.015625
1 0.73046875 0.28984375 0.00859375 0.0125
2 0.7875 0.27578125 0.03046875 0.090625
0 0.78984375 0.23671875 0.0078125 0.01484375
1 0.79609375 0.2984375 0.00625 0.0109375
2 0.8546875 0.4359375 0.0453125 0.1109375