2 0.428125 0.7 0.078125 0.165625
0 0.40859375 0.634375 0.01875 0.028125
1 0.43515625 0.73984375 0.0140625 0.0171875
2 0.8578125 0.55859375 0.0875 0.1578125
0 0.84609375 0.49609375 0.015625 0.021875
1 0.88515625 0.59453125 0.0140625 0.0171875
2 0.92578125 0.5140625 0.0859375 0.1484375
0 0.91796875 0.4546875 0.0171875 0.021875
1 0.9578125 0.553125 0.0125 0.0171875
2 0.70703125 0.41953125 0.059375 0.115625
2 0.5421875 0.40234375 0.04375 0.090625
2 0.61015625 0.3484375 0.0390625 0.078125
2 0.675 0.353125 0.04375 0.0828125
1 0.553125 0.428125 0.0078125 0.009375
1 0.61875 0.36796875 0.0078125 0.0078125
1 0.68515625 0.365625 0.0078125 0.0078125
1 0.7234375 0.44140625 0.009375 0.009375
0 0.696875 0.371875 0.0125 0.015625
0 0.53359375 0.365625 0.009375 0.0109375
0 0.60390625 0.31640625 0.0078125 0.009375
0 0.665625 0.31875 0.009375 0.009375