0 0.409375 0.74921875 0.025 0.0578125
2 0.409375 0.8578125 0.09375 0.284375
2 0.28046875 0.80859375 0.090625 0.359375
0 0.2734375 0.65859375 0.03125 0.059375
1 0.26171875 0.89375 0.025 0.034375
2 0.10703125 0.73671875 0.103125 0.321875
0 0.10390625 0.596875 0.021875 0.0390625
0 0.0890625 0.6203125 0.03125 0.059375
1 0.08515625 0.8265625 0.0234375 0.0328125
2 0.61015625 0.49765625 0.06875 0.25625
0 0.6109375 0.3875 0.021875 0.0390625
1 0.60546875 0.57265625 0.0203125 0.028125
2 0.42578125 0.3015625 0.053125 0.2078125
0 0.421875 0.21640625 0.015625 0.034375
1 0.41796875 0.34765625 0.01875 0.021875
2 0.646875 0.18515625 0.040625 0.175
0 0.64765625 0.1125 0.015625 0.028125
1 0.646875 0.21796875 0.0125 0.01875
2 0.08203125 0.33203125 0.0625 0.2140625
0 0.07890625 0.23984375 0.01875 0.025
0 0.06875 0.253125 0.0203125 0.0296875
1 0.065625 0.3765625 0.01875 0.021875