2 0.29765625 0.48984375 0.103125 0.1171875
0 0.2953125 0.4421875 0.0328125 0.01875
1 0.284375 0.51875 0.028125 0.0125
2 0.17578125 0.4078125 0.08125 0.0953125
0 0.17265625 0.36875 0.0265625 0.015625
1 0.159375 0.43046875 0.0265625 0.0109375
2 0.11953125 0.340625 0.0734375 0.078125
0 0.10625 0.31171875 0.01875 0.0109375
0 0.11796875 0.3078125 0.01875 0.0109375
1 0.10546875 0.359375 0.021875 0.009375
2 0.47734375 0.33359375 0.05625 0.075
0 0.478125 0.3015625 0.0171875 0.0109375
1 0.47265625 0.3484375 0.0171875 0.0078125
2 0.3609375 0.31484375 0.04375 0.0578125
2 0.29609375 0.33125 0.05 0.0640625
2 0.0609375 0.31171875 0.0578125 0.0640625
2 0.5703125 0.32734375 0.0484375 0.0671875
0 0.3609375 0.2890625 0.0140625 0.0078125
0 0.571875 0.29921875 0.0171875 0.009375
0 0.29375 0.30390625 0.0234375 0.009375
0 0.05625 0.28515625 0.01875 0.009375
1 0.3578125 0.325 0.0140625 0.00625
1 0.2890625 0.3453125 0.0171875 0.00625
1 0.04921875 0.32265625 0.015625 0.00625
2 0.2265625 0.27265625 0.0546875 0.053125
2 0.46484375 0.25390625 0.040625 0.040625
0 0.23125 0.25 0.0125 0.00625