2 0.753125 0.60390625 0.090625 0.19375
0 0.74140625 0.52421875 0.0203125 0.0265625
1 0.78046875 0.65234375 0.0171875 0.021875
2 0.79765625 0.2734375 0.059375 0.115625
0 0.78984375 0.228125 0.0140625 0.0203125
1 0.81328125 0.2984375 0.009375 0.0109375
2 0.7234375 0.2828125 0.0609375 0.1140625
2 0.66875 0.2125 0.05 0.1
0 0.7171875 0.2375 0.0140625 0.0203125
1 0.73828125 0.30078125 0.009375 0.0109375
2 0.31796875 0.28671875 0.046875 0.1015625
0 0.309375 0.25 0.0125 0.0140625
2 0.51796875 0.23359375 0.0421875 0.090625
0 0.6625 0.1734375 0.015625 0.0203125
2 0.5703125 0.2453125 0.0484375 0.1
0 0.56328125 0.2109375 0.009375 0.0171875
0 0.5671875 0.2125 0.009375 0.0140625
1 0.525 0.259375 0.009375 0.0125
1 0.578125 0.26484375 0.0109375 0.0140625
1 0.67734375 0.22890625 0.0109375 0.0109375