2 0.66796875 0.58125 0.04375 0.1390625
0 0.66796875 0.521875 0.0109375 0.01875
1 0.678125 0.615625 0.0109375 0.0140625
2 0.72578125 0.5046875 0.0421875 0.121875
0 0.728125 0.45234375 0.0109375 0.015625
1 0.73671875 0.53125 0.009375 0.0125
2 0.78046875 0.50703125 0.0390625 0.1140625
0 0.78515625 0.46015625 0.0125 0.01875
1 0.790625 0.53125 0.009375 0.0125
2 0.66796875 0.46640625 0.0328125 0.10625
0 0.66875 0.421875 0.0109375 0.0171875
1 0.67421875 0.49140625 0.009375 0.0109375
2 0.88671875 0.48203125 0.0375 0.1125
0 0.890625 0.434375 0.009375 0.015625
1 0.9 0.50625 0.0109375 0.0125
0 0.78671875 0.38984375 0.009375 0.0140625