2 0.628125 0.79609375 0.128125 0.2828125
0 0.60703125 0.6890625 0.03125 0.046875
1 0.65859375 0.87109375 0.0296875 0.0390625
2 0.95234375 0.78984375 0.0953125 0.2484375
2 0.69921875 0.4921875 0.0859375 0.1921875
2 0.54140625 0.47109375 0.075 0.1625
2 0.725 0.396875 0.071875 0.153125
2 0.8359375 0.37578125 0.084375 0.1578125
2 0.56953125 0.35234375 0.0640625 0.128125
2 0.49921875 0.35234375 0.05625 0.128125
1 0.56171875 0.51171875 0.0140625 0.0171875
1 0.7234375 0.5453125 0.0171875 0.0203125
1 0.74375 0.43984375 0.0140625 0.0171875
1 0.8625 0.40625 0.0125 0.0171875
1 0.509375 0.3859375 0.0125 0.0140625
1 0.57578125 0.38046875 0.0125 0.015625
0 0.98125 0.6953125 0.0375 0.05
0 0.53125 0.4046875 0.0171875 0.025
0 0.684375 0.41328125 0.0203125 0.03125
0 0.7171875 0.33203125 0.0171875 0.025
0 0.828125 0.3140625 0.0203125 0.0265625
0 0.89453125 0.84765625 0.0359375 0.053125
0 0.5640625 0.3125 0.0140625 0.0203125
0 0.48984375 0.30078125 0.015625 0.021875