2 0.81328125 0.55546875 0.0546875 0.16640625
0 0.8171875 0.4890625 0.0140625 0.0265625
1 0.828125 0.5921875 0.0109375 0.01640625
2 0.5546875 0.3984375 0.03125 0.11484375
0 0.5546875 0.35078125 0.009375 0.01640625
2 0.50625 0.2484375 0.01953125 0.0859375
2 0.446875 0.22109375 0.0203125 0.078125
1 0.446875 0.23984375 0.00625 0.00859375
1 0.50703125 0.265625 0.00703125 0.0109375
1 0.559375 0.4359375 0.009375 0.0125
2 0.54140625 0.2453125 0.01875 0.0765625
2 0.39296875 0.15859375 0.0140625 0.06171875
2 0.42578125 0.18671875 0.01796875 0.06796875
2 0.56015625 0.2046875 0.01796875 0.07109375
2 0.6125 0.1890625 0.01796875 0.0625
1 0.39296875 0.16796875 0.00546875 0.00625
1 0.42578125 0.2046875 0.00625 0.0078125
1 0.559375 0.21796875 0.0046875 0.00546875
1 0.6171875 0.20390625 0.0046875 0.0078125
0 0.61328125 0.16328125 0.00625 0.00859375
0 0.56171875 0.1734375 0.00703125 0.0109375
0 0.54296875 0.2109375 0.00625 0.00859375