2 0.7984375 0.5109375 0.0375 0.1109375
0 0.803125 0.46484375 0.0109375 0.01796875
1 0.81328125 0.53828125 0.009375 0.01171875
2 0.6515625 0.49609375 0.028125 0.11015625
0 0.653125 0.4484375 0.00859375 0.01484375
1 0.659375 0.5203125 0.00859375 0.01015625
2 0.46796875 0.34609375 0.01640625 0.06953125
2 0.57578125 0.3375 0.01875 0.06875
2 0.6765625 0.31484375 0.015625 0.06328125
2 0.6375 0.42578125 0.0234375 0.08828125
1 0.4703125 0.35625 0.00546875 0.00625
1 0.5796875 0.35390625 0.0046875 0.00625
1 0.64453125 0.44609375 0.00625 0.00859375
1 0.68046875 0.3328125 0.0046875 0.00625
0 0.46953125 0.315625 0.00546875 0.01015625
0 0.57734375 0.3078125 0.0046875 0.01015625
0 0.63984375 0.3859375 0.00703125 0.01171875
0 0.67890625 0.28828125 0.0046875 0.00859375