2 0.65703125 0.63046875 0.059375 0.1515625
0 0.65546875 0.57265625 0.0140625 0.0203125
0 0.65 0.56640625 0.0125 0.0203125
1 0.66640625 0.6671875 0.0140625 0.01875
2 0.50859375 0.50625 0.04375 0.11875
0 0.503125 0.45625 0.0109375 0.01875
1 0.51171875 0.53046875 0.0109375 0.0140625
2 0.52421875 0.39140625 0.03125 0.08125
0 0.51875 0.35859375 0.0078125 0.0125
1 0.52578125 0.41171875 0.0078125 0.009375
2 0.31953125 0.4328125 0.0359375 0.0859375
0 0.3125 0.39921875 0.0078125 0.0125
0 0.30703125 0.403125 0.009375 0.0140625
1 0.3171875 0.4515625 0.0078125 0.009375
2 0.28359375 0.42578125 0.0359375 0.0828125
0 0.27734375 0.39140625 0.0078125 0.0125
1 0.28203125 0.45078125 0.0078125 0.009375
2 0.19453125 0.89921875 0.1015625 0.2015625
0 0.17734375 0.8203125 0.0234375 0.0296875
0 0.17109375 0.8421875 0.025 0.0359375
1 0.1828125 0.96796875 0.01875 0.0234375
2 0.5828125 0.35625 0.028125 0.078125
2 0.5609375 0.41015625 0.034375 0.090625
2 0.44609375 0.32890625 0.025 0.065625
2 0.39453125 0.328125 0.025 0.0625
2 0.37421875 0.3671875 0.0265625 0.0703125
0 0.5796875 0.325 0.00625 0.009375
0 0.5578125 0.37109375 0.0078125 0.0125
0 0.4421875 0.303125 0.00625 0.009375
0 0.38984375 0.3015625 0.00625 0.0078125
0 0.3671875 0.3390625 0.00625 0.009375
1 0.44609375 0.340625 0.00625 0.0078125
1 0.39296875 0.33828125 0.00625 0.0078125
1 0.375 0.38828125 0.00625 0.0078125
1 0.5640625 0.428125 0.0078125 0.009375
1 0.58671875 0.36796875 0.00625 0.0078125