2 0.73125 0.57578125 0.04921875 0.1484375
0 0.73359375 0.5140625 0.015625 0.025
1 0.75078125 0.609375 0.009375 0.0140625
2 0.89765625 0.57734375 0.0546875 0.1375
0 0.90625 0.5203125 0.01328125 0.01953125
1 0.9140625 0.60859375 0.0109375 0.0125
2 0.71171875 0.46796875 0.0296875 0.10234375
0 0.71484375 0.425 0.00859375 0.01484375
1 0.7203125 0.4875 0.009375 0.0109375
2 0.7421875 0.4515625 0.034375 0.11015625
0 0.74453125 0.403125 0.0078125 0.01328125
1 0.75234375 0.47421875 0.00703125 0.01015625
2 0.80703125 0.4390625 0.0296875 0.0921875
0 0.81171875 0.39921875 0.0078125 0.01171875
1 0.81640625 0.45703125 0.00703125 0.009375