2 0.40078125 0.2734375 0.04921875 0.2078125
0 0.4015625 0.1859375 0.01484375 0.0265625
1 0.403125 0.33828125 0.015625 0.01953125
2 0.946875 0.44375 0.0890625 0.25
0 0.9453125 0.33984375 0.021875 0.0375
0 0.96171875 0.353125 0.02265625 0.04140625
1 0.9625 0.50546875 0.0203125 0.02421875
2 0.9265625 0.1734375 0.0546875 0.18515625
0 0.93203125 0.09453125 0.01484375 0.025
1 0.940625 0.2078125 0.0140625 0.0171875
2 0.82890625 0.10078125 0.04765625 0.1609375
0 0.8296875 0.034375 0.01328125 0.0234375
0 0.83984375 0.03359375 0.0109375 0.02421875
1 0.8390625 0.134375 0.01171875 0.015625