2 0.5171875 0.54609375 0.1015625 0.1359375
1 0.51015625 0.590625 0.03125 0.015625
2 0.77109375 0.7609375 0.1515625 0.184375
1 0.78828125 0.81640625 0.0453125 0.021875
0 0.8 0.7265625 0.0546875 0.0296875
0 0.7890625 0.684375 0.04375 0.0265625
2 0.59375 0.3375 0.053125 0.0734375
2 0.49921875 0.3390625 0.053125 0.071875
2 0.39453125 0.32734375 0.0578125 0.06875
2 0.30390625 0.315625 0.0515625 0.065625
2 0.08828125 0.33125 0.0609375 0.0703125
2 0.3390625 0.271875 0.04375 0.053125
2 0.41171875 0.26875 0.0390625 0.05
2 0.584375 0.29296875 0.0390625 0.05625
0 0.59609375 0.30703125 0.01875 0.009375
1 0.5953125 0.35234375 0.015625 0.00625
0 0.50625 0.31015625 0.0140625 0.009375
0 0.49765625 0.309375 0.0171875 0.00625
1 0.49921875 0.35234375 0.0171875 0.00625
1 0.390625 0.34140625 0.0171875 0.0078125
0 0.3890625 0.303125 0.015625 0.0078125
0 0.39453125 0.29921875 0.015625 0.009375
1 0.584375 0.3125 0.015625 0.00625
0 0.4125 0.24609375 0.0109375 0.00625
0 0.33828125 0.25078125 0.0125 0.009375
1 0.40859375 0.27734375 0.0125 0.00625
1 0.33515625 0.2859375 0.0140625 0.00625
0 0.08828125 0.30234375 0.0171875 0.009375
0 0.303125 0.2875 0.01875 0.0078125
1 0.29453125 0.3296875 0.0171875 0.00625
1 0.075 0.346875 0.015625 0.0078125