2 0.75 0.5546875 0.04140625 0.121875
0 0.75390625 0.50390625 0.0109375 0.015625
1 0.76328125 0.57890625 0.009375 0.0125
2 0.66328125 0.50546875 0.028125 0.103125
0 0.665625 0.4609375 0.009375 0.015625
1 0.6703125 0.52734375 0.00703125 0.01015625
2 0.83125 0.4875 0.0375 0.1015625
0 0.8328125 0.44609375 0.00859375 0.015625
0 0.84140625 0.45 0.01015625 0.01640625
1 0.83984375 0.51796875 0.00703125 0.0109375
2 0.52578125 0.3875 0.0203125 0.084375
2 0.68359375 0.46953125 0.0296875 0.09921875
2 0.7296875 0.47265625 0.03359375 0.103125
0 0.6859375 0.428125 0.009375 0.0171875
0 0.52578125 0.353125 0.00703125 0.01015625
0 0.73125 0.428125 0.00859375 0.0125
0 0.7390625 0.4328125 0.01015625 0.0125
1 0.690625 0.4953125 0.0078125 0.0109375
1 0.7375 0.49453125 0.00859375 0.0109375
1 0.5265625 0.40234375 0.00625 0.00859375