2 0.6359375 0.665625 0.078125 0.1875
0 0.65703125 0.6171875 0.01875 0.034375
0 0.64609375 0.59140625 0.0203125 0.028125
1 0.6421875 0.72578125 0.0171875 0.021875
2 0.69296875 0.34609375 0.040625 0.10625
2 0.75234375 0.35546875 0.040625 0.103125
2 0.79140625 0.33671875 0.0390625 0.0984375
1 0.696875 0.365625 0.0078125 0.009375
1 0.7578125 0.3765625 0.0078125 0.009375
1 0.79609375 0.359375 0.0078125 0.0109375
0 0.70078125 0.30078125 0.009375 0.015625
0 0.76015625 0.3125 0.009375 0.015625
2 0.52265625 0.228125 0.03125 0.078125
1 0.52265625 0.25 0.0078125 0.009375
0 0.5265625 0.1953125 0.0078125 0.009375