2 0.14609375 0.47578125 0.0765625 0.265625
1 0.13359375 0.540625 0.01875 0.025
0 0.1421875 0.36171875 0.0171875 0.028125
2 0.0640625 0.66171875 0.0921875 0.3109375
1 0.05078125 0.7484375 0.0203125 0.03125
0 0.0515625 0.53203125 0.025 0.0453125
2 0.55 0.14609375 0.05 0.178125
2 0.61875 0.07421875 0.034375 0.1484375
2 0.17578125 0.15625 0.05 0.1703125
2 0.0546875 0.225 0.0578125 0.209375
2 0.02421875 0.18125 0.0484375 0.184375
1 0.6171875 0.10859375 0.0109375 0.01875
1 0.5453125 0.18203125 0.0140625 0.0171875
1 0.16484375 0.1875 0.0140625 0.01875
1 0.040625 0.26796875 0.0140625 0.01875
1 0.01171875 0.21796875 0.0140625 0.01875
0 0.0203125 0.10078125 0.0140625 0.0203125
0 0.0484375 0.1375 0.0171875 0.025
0 0.03671875 0.14375 0.0171875 0.0203125
0 0.17109375 0.08125 0.0140625 0.0203125
2 0.271875 0.18203125 0.0484375 0.1171875
0 0.26640625 0.1390625 0.015625 0.028125
0 0.546875 0.06796875 0.0140625 0.0203125
0 0.61875 0.009375 0.015625 0.01875
2 0.63359375 0.86484375 0.0875 0.265625
0 0.634375 0.75859375 0.0265625 0.065625