2 0.296875 0.6140625 0.234375 0.4953125
1 0.3 0.721875 0.0484375 0.05625
0 0.23984375 0.40625 0.046875 0.05625
0 0.30625 0.4 0.0359375 0.04375
2 0.35078125 0.53984375 0.1546875 0.340625
1 0.43125 0.55078125 0.0234375 0.0265625
2 0.42109375 0.49375 0.1015625 0.228125
0 0.39375 0.3984375 0.025 0.034375
0 0.40703125 0.38359375 0.021875 0.028125
0 0.3625 0.40703125 0.01875 0.021875
0 0.1703125 0.44765625 0.01875 0.0234375
2 0.1875 0.5015625 0.06875 0.140625
1 0.18984375 0.52578125 0.0140625 0.0171875
2 0.48984375 0.52578125 0.175 0.375
1 0.528125 0.6125 0.0359375 0.040625
0 0.4515625 0.36875 0.0359375 0.0453125