2 0.2453125 0.39921875 0.01953125 0.103125
2 0.40859375 0.44765625 0.06171875 0.2140625
2 0.303125 0.50625 0.10390625 0.39140625
1 0.2875 0.59140625 0.03515625 0.04375
0 0.290625 0.334375 0.02890625 0.04453125
0 0.3390625 0.340625 0.0234375 0.03984375
2 0.3453125 0.4640625 0.05546875 0.28984375
1 0.38828125 0.50390625 0.01875 0.02578125
0 0.40703125 0.35390625 0.0171875 0.025
2 0.4984375 0.48828125 0.08203125 0.33125
1 0.51484375 0.57109375 0.02890625 0.0359375
0 0.49296875 0.33984375 0.02421875 0.0328125
0 0.46875 0.34296875 0.0171875 0.0265625
0 0.4578125 0.34453125 0.01171875 0.0203125
2 0.2234375 0.4046875 0.0296875 0.121875
0 0.2171875 0.35390625 0.01015625 0.015625
1 0.21875 0.42578125 0.01171875 0.0140625
1 0.24453125 0.42890625 0.01015625 0.0125
0 0.24375 0.35390625 0.0078125 0.0109375