2 0.46328125 0.828125 0.125 0.2875
0 0.4359375 0.71875 0.028125 0.046875
1 0.46640625 0.9046875 0.021875 0.028125
2 0.4796875 0.60234375 0.0921875 0.2109375
0 0.46015625 0.5171875 0.01875 0.028125
1 0.48828125 0.678125 0.0171875 0.0203125
2 0.40390625 0.425 0.0609375 0.1484375
2 0.38046875 0.30625 0.0453125 0.109375
2 0.36171875 0.28359375 0.040625 0.096875
2 0.24140625 0.3375 0.0515625 0.1046875
2 0.19609375 0.28046875 0.04375 0.090625
0 0.3703125 0.26171875 0.0109375 0.0125
0 0.35390625 0.24375 0.0109375 0.0125
0 0.38828125 0.365625 0.015625 0.0234375
0 0.228125 0.296875 0.0109375 0.015625
0 0.22421875 0.30234375 0.0125 0.01875
1 0.23828125 0.3625 0.009375 0.0125
1 0.19453125 0.30859375 0.009375 0.009375
1 0.36484375 0.31015625 0.0078125 0.009375
1 0.38203125 0.3328125 0.009375 0.0125
1 0.40625 0.45625 0.0125 0.0140625