2 0.3640625 0.32109375 0.05390625 0.225
0 0.3640625 0.2265625 0.015625 0.03359375
1 0.36953125 0.3609375 0.0171875 0.02265625
2 0.378125 0.1328125 0.0421875 0.1703125
0 0.3796875 0.06171875 0.01171875 0.02578125
1 0.3828125 0.16796875 0.0125 0.015625
2 0.86796875 0.278125 0.05625 0.21484375
0 0.8765625 0.1890625 0.01796875 0.03359375
1 0.88359375 0.33046875 0.01484375 0.02109375
2 0.9234375 0.12421875 0.05078125 0.17578125
0 0.93125 0.0515625 0.01328125 0.02734375
1 0.93671875 0.1578125 0.0140625 0.01484375
2 0.6875 0.13984375 0.0453125 0.17421875
1 0.69609375 0.1703125 0.0140625 0.0203125
0 0.6890625 0.065625 0.01796875 0.0265625