2 0.68046875 0.70703125 0.05625 0.1828125
0 0.6796875 0.63125 0.0171875 0.0265625
1 0.6953125 0.759375 0.0125 0.01875
2 0.703125 0.6203125 0.05 0.15625
0 0.70625 0.55546875 0.015625 0.0234375
1 0.7171875 0.653125 0.0125 0.015625
2 0.80859375 0.58125 0.0515625 0.1421875
0 0.8140625 0.5234375 0.0125 0.0234375
1 0.825 0.615625 0.0109375 0.0140625
0 0.84765625 0.51875 0.0125 0.0203125
2 0.846875 0.58046875 0.0546875 0.1484375
1 0.8625 0.609375 0.009375 0.0140625
2 0.934375 0.56640625 0.059375 0.1359375
0 0.94375 0.50859375 0.015625 0.021875
1 0.95625 0.59453125 0.0109375 0.0125