2 0.48125 0.5453125 0.10625 0.1390625
1 0.48671875 0.58984375 0.0328125 0.015625
2 0.2203125 0.7515625 0.1578125 0.1890625
1 0.20078125 0.80625 0.0453125 0.0234375
0 0.1921875 0.715625 0.05625 0.03125
0 0.2046875 0.67421875 0.0453125 0.028125
2 0.4125 0.334375 0.0546875 0.075
2 0.50625 0.3390625 0.0546875 0.0734375
2 0.6109375 0.33046875 0.059375 0.0703125
2 0.70234375 0.32265625 0.0546875 0.0671875
2 0.9171875 0.34609375 0.0625 0.071875
2 0.66875 0.27734375 0.0453125 0.0546875
2 0.596875 0.271875 0.040625 0.0515625
2 0.42265625 0.28984375 0.040625 0.0578125
0 0.41015625 0.303125 0.01875 0.0109375
1 0.409375 0.3484375 0.015625 0.00625
0 0.50078125 0.309375 0.0140625 0.009375
0 0.50859375 0.309375 0.0171875 0.0078125
1 0.50546875 0.35234375 0.0171875 0.0078125
1 0.61484375 0.3453125 0.0171875 0.0078125
0 0.61796875 0.30703125 0.015625 0.009375
0 0.6125 0.30234375 0.015625 0.009375
1 0.42265625 0.309375 0.015625 0.0078125
0 0.596875 0.24921875 0.0109375 0.00625
0 0.6703125 0.25625 0.0125 0.009375
1 0.59921875 0.28046875 0.0125 0.00625
1 0.671875 0.2921875 0.0140625 0.0078125
0 0.91875 0.3171875 0.0171875 0.009375
0 0.70390625 0.29453125 0.01875 0.0078125
1 0.7109375 0.33671875 0.0171875 0.00625
1 0.93046875 0.36171875 0.015625 0.009375