2 0.79609375 0.45859375 0.05625 0.115625
0 0.7921875 0.4125 0.0140625 0.0203125
1 0.81484375 0.48359375 0.0109375 0.0125
2 0.6484375 0.46953125 0.046875 0.1140625
0 0.6421875 0.42265625 0.0109375 0.015625
1 0.66015625 0.4921875 0.0109375 0.0109375
2 0.44140625 0.35390625 0.028125 0.071875
2 0.54609375 0.3265625 0.0296875 0.0703125
2 0.64140625 0.28671875 0.0265625 0.065625
2 0.62265625 0.403125 0.0390625 0.090625
1 0.44609375 0.36328125 0.00625 0.0078125
1 0.553125 0.3421875 0.00625 0.00625
1 0.6328125 0.421875 0.0078125 0.009375
1 0.6484375 0.30390625 0.00625 0.00625
0 0.43828125 0.3234375 0.0078125 0.0109375
0 0.54296875 0.29765625 0.00625 0.0109375
0 0.61796875 0.36328125 0.009375 0.0125
0 0.6390625 0.26015625 0.00625 0.009375