2 0.075 0.5046875 0.140625 0.15
2 0.240625 0.553125 0.1421875 0.1703125
1 0.21015625 0.609375 0.040625 0.0234375
1 0.040625 0.5375 0.0390625 0.021875
0 0.25 0.4921875 0.0375 0.028125
0 0.07890625 0.45078125 0.040625 0.0265625
2 0.3828125 0.36484375 0.08125 0.0890625
2 0.26875 0.31953125 0.065625 0.0796875
2 0.225 0.26640625 0.065625 0.065625
2 0.14140625 0.23828125 0.0484375 0.0578125
2 0.1125 0.21953125 0.0546875 0.059375
2 0.3625 0.275 0.05 0.0578125
2 0.41015625 0.26796875 0.0453125 0.0515625
2 0.515625 0.2890625 0.0453125 0.05625
2 0.58828125 0.29453125 0.0515625 0.059375
1 0.584375 0.30703125 0.0125 0.0078125
1 0.5125 0.3015625 0.0125 0.0078125
1 0.40625 0.275 0.0109375 0.00625
1 0.35546875 0.2859375 0.0140625 0.0078125
1 0.37265625 0.38203125 0.0203125 0.0109375
1 0.25703125 0.334375 0.0171875 0.009375
1 0.21640625 0.28046875 0.0140625 0.0078125
1 0.13203125 0.24765625 0.0140625 0.0078125
1 0.0953125 0.23828125 0.0125 0.0078125
0 0.59296875 0.27265625 0.0125 0.0078125
0 0.521875 0.265625 0.0125 0.00625
0 0.41328125 0.246875 0.0125 0.00625
0 0.36328125 0.253125 0.01875 0.009375
0 0.3859375 0.33203125 0.0203125 0.015625
0 0.2703125 0.2875 0.021875 0.0140625
0 0.2296875 0.2421875 0.0171875 0.009375
0 0.221875 0.24140625 0.0171875 0.009375
0 0.1390625 0.215625 0.0171875 0.0109375
0 0.1109375 0.1984375 0.0203125 0.0109375