2 0.65703125 0.6640625 0.1734375 0.346875
0 0.6265625 0.528125 0.0359375 0.05625
1 0.6921875 0.7390625 0.0328125 0.0359375
2 0.31328125 0.5125 0.1234375 0.271875
0 0.28203125 0.40546875 0.0296875 0.04375
1 0.32578125 0.5671875 0.0265625 0.03125
2 0.4890625 0.7046875 0.1484375 0.3265625
1 0.515625 0.79296875 0.0328125 0.0421875
2 0.26484375 0.28828125 0.0890625 0.196875
1 0.2734375 0.32421875 0.01875 0.0265625
2 0.309375 0.175 0.0875 0.171875
1 0.3203125 0.22421875 0.01875 0.0265625
2 0.59453125 0.06484375 0.0765625 0.1296875
1 0.6046875 0.071875 0.015625 0.0203125
2 0.68203125 0.0578125 0.0890625 0.115625
1 0.696875 0.05546875 0.0171875 0.021875
2 0.78359375 0.07890625 0.0953125 0.1578125
1 0.80703125 0.10078125 0.015625 0.01875
0 0.45234375 0.56796875 0.0328125 0.0390625
0 0.76796875 0.00390625 0.0203125 0.0078125
0 0.28671875 0.1109375 0.015625 0.021875
0 0.2875 0.10234375 0.015625 0.021875