2 0.44609375 0.5140625 0.0578125 0.2265625
1 0.4578125 0.575 0.01875 0.0234375
2 0.75078125 0.6484375 0.19609375 0.48203125
0 0.753125 0.4296875 0.040625 0.0515625
2 0.59140625 0.53984375 0.06171875 0.25
0 0.59921875 0.43203125 0.021875 0.028125
2 0.521875 0.49140625 0.040625 0.159375
0 0.5234375 0.4203125 0.01328125 0.01796875
1 0.52890625 0.51484375 0.01171875 0.01328125
1 0.6078125 0.58046875 0.01875 0.01953125
2 0.35078125 0.4828125 0.0484375 0.1671875
2 0.39609375 0.48125 0.0390625 0.14296875
1 0.36875 0.53046875 0.0109375 0.015625
1 0.403125 0.496875 0.01015625 0.01015625
0 0.39609375 0.41875 0.01171875 0.01640625