2 0.859375 0.58671875 0.23046875 0.30546875
0 0.853125 0.45703125 0.07265625 0.03984375
1 0.86953125 0.63515625 0.08203125 0.03203125
2 0.334375 0.55390625 0.175 0.228125
1 0.29375 0.59296875 0.0625 0.025
0 0.328125 0.45390625 0.04921875 0.0234375
2 0.5671875 0.5453125 0.17578125 0.20078125
0 0.559375 0.45859375 0.0421875 0.0234375
1 0.55 0.57421875 0.0515625 0.01875
2 0.4640625 0.521875 0.10546875 0.16171875
0 0.46171875 0.4515625 0.03203125 0.0171875
1 0.44140625 0.5609375 0.03671875 0.01640625