2 0.25078125 0.71640625 0.0828125 0.2046875
0 0.253125 0.6296875 0.0171875 0.025
1 0.2265625 0.77109375 0.015625 0.021875
2 0.30859375 0.46015625 0.059375 0.1359375
0 0.31171875 0.4046875 0.0125 0.01875
1 0.29375 0.49609375 0.0109375 0.0140625
2 0.2640625 0.36875 0.05 0.11875
2 0.30390625 0.28828125 0.040625 0.096875
0 0.26796875 0.3203125 0.0109375 0.0140625
1 0.24921875 0.40625 0.0109375 0.0140625
1 0.29453125 0.30546875 0.0125 0.0140625
0 0.30390625 0.24765625 0.0109375 0.0140625
2 0.42265625 0.26875 0.0359375 0.0890625
2 0.40859375 0.22421875 0.0328125 0.0796875
0 0.42734375 0.2328125 0.00625 0.0109375
0 0.425 0.23125 0.0078125 0.0109375
0 0.41171875 0.19140625 0.0078125 0.0125
0 0.4078125 0.190625 0.00625 0.0125
1 0.4171875 0.28671875 0.0078125 0.009375
1 0.40390625 0.2453125 0.0078125 0.0078125