2 0.57890625 0.58515625 0.06875 0.1625
1 0.5921875 0.62265625 0.015625 0.01875
2 0.63828125 0.51171875 0.0625 0.1375
0 0.6265625 0.45390625 0.0140625 0.0171875
1 0.64921875 0.53359375 0.0125 0.015625
2 0.64609375 0.4375 0.046875 0.10625
0 0.64140625 0.39453125 0.0109375 0.015625
1 0.65703125 0.465625 0.0109375 0.0125
2 0.84921875 0.4234375 0.0625 0.121875
2 0.52734375 0.35625 0.0375 0.0875
2 0.5828125 0.34453125 0.0421875 0.0875
2 0.6390625 0.31875 0.0375 0.0796875
1 0.53359375 0.3765625 0.0078125 0.009375
1 0.590625 0.3609375 0.00625 0.009375
1 0.64609375 0.33203125 0.0078125 0.009375
1 0.87109375 0.4515625 0.009375 0.0125
0 0.853125 0.38359375 0.0109375 0.0140625
0 0.8453125 0.37109375 0.0125 0.0171875
0 0.57578125 0.30703125 0.0078125 0.0109375
0 0.58046875 0.309375 0.009375 0.0109375
0 0.52265625 0.31953125 0.00625 0.009375
0 0.5203125 0.3171875 0.0078125 0.009375