2 0.8140625 0.8046875 0.1171875 0.2421875
0 0.80078125 0.709375 0.0265625 0.0375
1 0.85234375 0.88125 0.021875 0.028125
2 0.33671875 0.32265625 0.0421875 0.1015625
1 0.33828125 0.33984375 0.009375 0.0140625
2 0.3890625 0.340625 0.0484375 0.10625
2 0.44765625 0.41796875 0.0578125 0.134375
2 0.4890625 0.36484375 0.05 0.121875
2 0.5546875 0.34765625 0.0453125 0.1125
2 0.5171875 0.29140625 0.0421875 0.0984375
2 0.7203125 0.32734375 0.0546875 0.115625
1 0.39453125 0.3703125 0.009375 0.0125
1 0.49609375 0.38515625 0.009375 0.0125
1 0.45625 0.4515625 0.0125 0.0140625
1 0.521875 0.3109375 0.009375 0.0109375
0 0.5109375 0.2484375 0.009375 0.0109375
0 0.54921875 0.30078125 0.0109375 0.0140625
0 0.7140625 0.2828125 0.0109375 0.0140625
1 0.73515625 0.35234375 0.0109375 0.0140625