2 0.61015625 0.64296875 0.078125 0.1953125
0 0.6015625 0.56328125 0.0171875 0.0265625
1 0.62734375 0.68671875 0.0171875 0.021875
2 0.39453125 0.346875 0.0421875 0.11875
1 0.3984375 0.3703125 0.0109375 0.015625
0 0.3859375 0.296875 0.009375 0.0171875
2 0.59296875 0.3140625 0.0421875 0.10625
1 0.6 0.33828125 0.009375 0.015625
0 0.58828125 0.26953125 0.0125 0.0140625
2 0.71640625 0.27734375 0.0484375 0.10625
2 0.7 0.2390625 0.034375 0.0765625
0 0.71484375 0.23515625 0.009375 0.0171875
1 0.725 0.2984375 0.009375 0.0125
2 0.659375 0.15625 0.0328125 0.0765625
0 0.65625 0.128125 0.0078125 0.0125
1 0.665625 0.17421875 0.00625 0.0109375
2 0.609375 0.16328125 0.03125 0.0765625
0 0.60703125 0.134375 0.009375 0.0140625