2 0.35234375 0.81328125 0.084375 0.190625
0 0.33671875 0.7375 0.0203125 0.0296875
1 0.34921875 0.8578125 0.0171875 0.0203125
2 0.3734375 0.6875 0.071875 0.1609375
1 0.36796875 0.7390625 0.0140625 0.0203125
2 0.434375 0.5546875 0.053125 0.128125
0 0.425 0.50234375 0.0125 0.01875
1 0.434375 0.57734375 0.0125 0.015625
2 0.23125 0.51953125 0.0484375 0.10625
0 0.22265625 0.478125 0.0125 0.0171875
1 0.22734375 0.54140625 0.0109375 0.0109375
2 0.36875 0.521875 0.046875 0.109375
0 0.35859375 0.4765625 0.009375 0.015625
2 0.41796875 0.4 0.0359375 0.0859375
0 0.409375 0.36796875 0.009375 0.0125
0 0.4125 0.3625 0.0078125 0.009375
2 0.43359375 0.346875 0.0296875 0.075
0 0.42890625 0.3171875 0.0078125 0.0125
2 0.39765625 0.35546875 0.0265625 0.06875
0 0.39140625 0.3265625 0.00625 0.0078125
2 0.24921875 0.38046875 0.0328125 0.06875
0 0.240625 0.35390625 0.0078125 0.0109375
1 0.43515625 0.36015625 0.00625 0.0078125
1 0.4171875 0.4171875 0.00625 0.009375
1 0.3984375 0.3671875 0.00625 0.00625
1 0.365625 0.54609375 0.009375 0.0125