2 0.56171875 0.7359375 0.0765625 0.171875
0 0.57421875 0.66640625 0.0171875 0.025
0 0.58203125 0.684375 0.01875 0.028125
1 0.5640625 0.77734375 0.015625 0.0203125
2 0.61015625 0.52109375 0.0609375 0.125
2 0.46875 0.440625 0.0453125 0.1125
0 0.47578125 0.39609375 0.0125 0.0203125
1 0.465625 0.46484375 0.009375 0.0109375
2 0.565625 0.34375 0.03125 0.075
0 0.5703125 0.3125 0.0078125 0.0125
2 0.80625 0.42421875 0.04375 0.0890625
2 0.72421875 0.38984375 0.0359375 0.08125
2 0.85859375 0.5890625 0.0625 0.1296875
0 0.871875 0.5375 0.0140625 0.01875
1 0.86875 0.61640625 0.0109375 0.0125