2 0.81953125 0.68203125 0.0578125 0.1546875
0 0.8296875 0.621875 0.0140625 0.02578125
2 0.5453125 0.540625 0.03359375 0.11953125
0 0.54453125 0.490625 0.01015625 0.01953125
1 0.5515625 0.56328125 0.009375 0.01328125
2 0.51640625 0.453125 0.02890625 0.1015625
0 0.51796875 0.4171875 0.00859375 0.01484375
1 0.51875 0.48203125 0.00703125 0.009375
2 0.55546875 0.44765625 0.02578125 0.09765625
0 0.55703125 0.40859375 0.00859375 0.01640625
1 0.56015625 0.47421875 0.0078125 0.01015625
2 0.6296875 0.43984375 0.0265625 0.09375
0 0.63203125 0.4 0.00703125 0.0140625
1 0.63515625 0.46484375 0.0078125 0.01015625
2 0.7546875 0.40859375 0.025 0.0875
2 0.56015625 0.3390625 0.0171875 0.07109375
2 0.63984375 0.29921875 0.015625 0.05390625
2 0.6875 0.33515625 0.01796875 0.07265625
0 0.7578125 0.371875 0.00625 0.0125
0 0.6890625 0.30546875 0.00625 0.0109375
0 0.640625 0.27734375 0.0046875 0.00859375
0 0.56015625 0.30859375 0.00546875 0.009375
1 0.5625 0.3515625 0.0046875 0.0078125
1 0.6421875 0.3140625 0.0046875 0.00546875
1 0.7625 0.4359375 0.00625 0.00703125