2 0.56171875 0.6828125 0.04609375 0.16484375
0 0.5625 0.62734375 0.01328125 0.025
0 0.56171875 0.6109375 0.0140625 0.0203125
1 0.56640625 0.73359375 0.01171875 0.0171875
2 0.6390625 0.72734375 0.04375 0.1671875
0 0.6421875 0.65703125 0.0125 0.02734375
1 0.6484375 0.78046875 0.01171875 0.0171875
2 0.68828125 0.56484375 0.0375 0.12578125
0 0.69140625 0.51171875 0.009375 0.01640625
1 0.696875 0.60078125 0.009375 0.0125
2 0.59296875 0.4640625 0.025 0.10234375
0 0.5953125 0.41953125 0.00703125 0.0125
1 0.596875 0.484375 0.00703125 0.01015625
2 0.7046875 0.9140625 0.065625 0.171875
0 0.7078125 0.84765625 0.02109375 0.0375
2 0.84765625 0.53359375 0.0359375 0.115625
2 0.75390625 0.4359375 0.0265625 0.096875
2 0.6703125 0.359375 0.01875 0.0703125
0 0.671875 0.32890625 0.00625 0.0109375
0 0.75703125 0.3953125 0.0078125 0.015625
0 0.85234375 0.48359375 0.009375 0.01484375
1 0.86015625 0.571875 0.00859375 0.0125
1 0.6734375 0.37578125 0.00625 0.00625