2 0.828125 0.64921875 0.0765625 0.203125
2 0.83515625 0.525 0.06328125 0.1515625
0 0.834375 0.56328125 0.01796875 0.025
1 0.8421875 0.69140625 0.0125 0.01953125
2 0.6875 0.7921875 0.06796875 0.24609375
2 0.5453125 0.46640625 0.04296875 0.15390625
2 0.62421875 0.4421875 0.03828125 0.146875
2 0.7625 0.48046875 0.04296875 0.1703125
2 0.96015625 0.5203125 0.06171875 0.1640625
2 0.4953125 0.3375 0.028125 0.1234375
2 0.5328125 0.31484375 0.02890625 0.1140625
2 0.50859375 0.225 0.02109375 0.09140625
2 0.56796875 0.21171875 0.021875 0.08984375
2 0.74140625 0.296875 0.03046875 0.103125
2 0.7703125 0.26328125 0.03046875 0.0984375
2 0.80234375 0.24921875 0.0296875 0.0890625
2 0.8328125 0.3 0.03125 0.1125
2 0.84609375 0.425 0.04375 0.13515625
2 0.7078125 0.20546875 0.02265625 0.08828125
1 0.51015625 0.246875 0.00625 0.009375
1 0.56953125 0.23203125 0.00703125 0.00859375
1 0.53515625 0.3375 0.0078125 0.01015625
1 0.5515625 0.5015625 0.01171875 0.01328125
1 0.63671875 0.47734375 0.0109375 0.015625
1 0.7140625 0.221875 0.00625 0.00859375
1 0.75 0.3234375 0.00703125 0.009375
1 0.77734375 0.5234375 0.01015625 0.01484375
1 0.7015625 0.85859375 0.01796875 0.02421875
1 0.98125 0.56640625 0.01328125 0.01484375
1 0.859375 0.56484375 0.01015625 0.01640625
1 0.85546875 0.47265625 0.01015625 0.0140625
1 0.77890625 0.2890625 0.00703125 0.00859375
1 0.8421875 0.321875 0.00703125 0.009375
1 0.80859375 0.26796875 0.0078125 0.009375
0 0.69140625 0.6875 0.0171875 0.03125
0 0.9734375 0.4484375 0.015625 0.0203125
0 0.77578125 0.4109375 0.01328125 0.0234375
0 0.846875 0.46015625 0.015625 0.025
0 0.628125 0.37578125 0.0109375 0.01640625
0 0.5453125 0.40390625 0.01328125 0.02421875
0 0.85234375 0.3671875 0.0109375 0.01953125
0 0.7453125 0.25234375 0.00859375 0.015625
0 0.771875 0.221875 0.009375 0.01484375
0 0.778125 0.221875 0.00703125 0.01328125
0 0.53359375 0.2671875 0.009375 0.01796875
0 0.496875 0.284375 0.009375 0.01796875
0 0.509375 0.18671875 0.0078125 0.01328125
0 0.56953125 0.1734375 0.00859375 0.0140625
0 0.83671875 0.25234375 0.009375 0.01328125
0 0.709375 0.16640625 0.00703125 0.0125
1 0.49765625 0.3796875 0.01015625 0.01171875