2 0.55234375 0.60390625 0.046875 0.159375
1 0.5546875 0.64296875 0.0125 0.0171875
2 0.6296875 0.54921875 0.0453125 0.1359375
0 0.634375 0.490625 0.0125 0.015625
1 0.634375 0.5734375 0.0109375 0.0140625
2 0.65703125 0.48046875 0.034375 0.1046875
0 0.66484375 0.43828125 0.009375 0.0140625
1 0.6609375 0.51015625 0.009375 0.0125
2 0.85703125 0.52265625 0.046875 0.1203125
2 0.56640625 0.36953125 0.0265625 0.0859375
2 0.62265625 0.3734375 0.03125 0.0859375
2 0.68359375 0.3640625 0.028125 0.078125
1 0.56640625 0.390625 0.00625 0.009375
1 0.625 0.39140625 0.00625 0.0078125
1 0.68671875 0.37890625 0.00625 0.0078125
1 0.8703125 0.55546875 0.0078125 0.0109375
0 0.87109375 0.48515625 0.009375 0.0140625
0 0.86796875 0.471875 0.0109375 0.015625
0 0.62578125 0.3359375 0.00625 0.009375
0 0.6296875 0.3390625 0.0078125 0.0109375
0 0.57109375 0.3328125 0.00625 0.0078125
0 0.56953125 0.33046875 0.00625 0.0078125