2 0.22265625 0.6796875 0.109375 0.2078125
0 0.2375 0.59375 0.0203125 0.0265625
1 0.19140625 0.73046875 0.01875 0.021875
2 0.31640625 0.43359375 0.0765625 0.1390625
0 0.3265625 0.37890625 0.015625 0.0203125
1 0.29609375 0.4671875 0.0125 0.0140625
2 0.28515625 0.3375 0.065625 0.1203125
2 0.33515625 0.26328125 0.053125 0.0984375
0 0.2953125 0.28984375 0.0125 0.015625
1 0.26484375 0.37265625 0.0125 0.0140625
1 0.32421875 0.27890625 0.0140625 0.015625
0 0.34140625 0.22265625 0.0125 0.0140625
2 0.45625 0.26015625 0.046875 0.0890625
2 0.44765625 0.2140625 0.0421875 0.08125
0 0.46484375 0.225 0.0078125 0.0109375
0 0.46328125 0.2234375 0.009375 0.0125
0 0.45546875 0.18203125 0.009375 0.0140625
0 0.45234375 0.18046875 0.0078125 0.0125
1 0.44765625 0.27734375 0.009375 0.009375
1 0.43984375 0.234375 0.0078125 0.0078125