2 0.51328125 0.37578125 0.0421875 0.121875
0 0.5203125 0.325 0.0109375 0.0171875
1 0.5171875 0.4 0.0109375 0.0140625
2 0.4421875 0.1875 0.0296875 0.0859375
0 0.44453125 0.1515625 0.0078125 0.0109375
2 0.61171875 0.24296875 0.0296875 0.0828125
0 0.6171875 0.2078125 0.009375 0.009375
2 0.6921875 0.22265625 0.0328125 0.0796875
0 0.69765625 0.1890625 0.0078125 0.009375
1 0.61171875 0.26171875 0.009375 0.0125
1 0.440625 0.203125 0.009375 0.009375
1 0.69453125 0.2375 0.0078125 0.009375
2 0.684375 0.1421875 0.021875 0.0578125