2 0.1703125 0.6421875 0.0609375 0.146875
0 0.1609375 0.58203125 0.015625 0.0234375
1 0.1578125 0.67265625 0.0125 0.0140625
2 0.33125 0.5171875 0.040625 0.1125
0 0.325 0.4734375 0.0109375 0.01875
1 0.3234375 0.54375 0.009375 0.0109375
2 0.4796875 0.41875 0.028125 0.0875
0 0.47578125 0.38203125 0.0078125 0.0140625
1 0.4765625 0.43515625 0.00625 0.009375
2 0.38984375 0.3765625 0.0265625 0.0796875
2 0.528125 0.3109375 0.0203125 0.0671875
2 0.584375 0.33203125 0.0234375 0.0671875
0 0.58515625 0.303125 0.00625 0.009375
0 0.5828125 0.3015625 0.0046875 0.009375
0 0.52734375 0.2828125 0.00625 0.009375
1 0.53203125 0.325 0.0046875 0.00625
1 0.58671875 0.346875 0.00625 0.0078125
0 0.38671875 0.346875 0.0078125 0.0125
0 0.38671875 0.3421875 0.0078125 0.0078125
1 0.38828125 0.39453125 0.0046875 0.0078125