2 0.3625 0.65078125 0.03984375 0.146875
0 0.35625 0.59375 0.0109375 0.01875
0 0.3609375 0.58671875 0.01015625 0.01875
1 0.35859375 0.6890625 0.01171875 0.0171875
2 0.4921875 0.50703125 0.028125 0.115625
0 0.490625 0.45703125 0.00859375 0.0171875
1 0.49296875 0.53203125 0.00859375 0.0125
2 0.4609375 0.39609375 0.02109375 0.07890625
0 0.46171875 0.3625 0.00625 0.01171875
1 0.4625 0.41640625 0.00625 0.00859375
2 0.66953125 0.40859375 0.025 0.0828125
0 0.671875 0.37421875 0.00625 0.01171875
0 0.67734375 0.37734375 0.00703125 0.0125
1 0.67421875 0.4265625 0.00625 0.0078125
2 0.70390625 0.39609375 0.02421875 0.08046875
0 0.70546875 0.36171875 0.00625 0.01171875
1 0.709375 0.42109375 0.00625 0.00859375
2 0.85859375 0.86171875 0.0734375 0.209375
0 0.8640625 0.77265625 0.01953125 0.02734375
0 0.8734375 0.79296875 0.0203125 0.0328125
1 0.87890625 0.91953125 0.015625 0.02109375
2 0.39765625 0.36953125 0.01796875 0.07578125
2 0.42734375 0.41953125 0.021875 0.0890625
2 0.5296875 0.3234375 0.015625 0.0640625
2 0.58046875 0.31484375 0.01640625 0.0609375
2 0.60625 0.35078125 0.01796875 0.06796875
0 0.396875 0.3375 0.00546875 0.009375
0 0.425 0.38046875 0.00703125 0.0109375
0 0.5296875 0.296875 0.0046875 0.009375
0 0.58125 0.28828125 0.0046875 0.00703125
0 0.609375 0.321875 0.00546875 0.009375
1 0.53125 0.334375 0.0046875 0.00703125
1 0.58359375 0.325 0.0046875 0.00703125
1 0.60859375 0.371875 0.00546875 0.0078125
1 0.4265625 0.4375 0.00703125 0.0078125
1 0.39609375 0.38125 0.00546875 0.0078125