2 0.42265625 0.46015625 0.046875 0.153125
0 0.4171875 0.396875 0.0109375 0.0203125
1 0.42421875 0.4921875 0.0109375 0.0140625
2 0.64140625 0.396875 0.0453125 0.1265625
0 0.63828125 0.34140625 0.0109375 0.0140625
1 0.646875 0.425 0.009375 0.0140625
2 0.80234375 0.384375 0.0578125 0.1265625
0 0.803125 0.33203125 0.0125 0.015625
1 0.8109375 0.41015625 0.009375 0.0109375
0 0.7 0.84375 0.025 0.0453125
2 0.384375 0.16015625 0.0234375 0.0703125
0 0.38125 0.13125 0.0078125 0.0125
2 0.54296875 0.15234375 0.0234375 0.06875
1 0.38359375 0.17265625 0.00625 0.00625
1 0.54375 0.1703125 0.00625 0.009375
2 0.58515625 0.184375 0.0265625 0.0765625
1 0.5875 0.196875 0.009375 0.009375
0 0.58359375 0.15234375 0.0078125 0.0078125
0 0.58671875 0.1546875 0.00625 0.009375
2 0.65390625 0.16796875 0.025 0.0734375
1 0.65859375 0.18203125 0.00625 0.009375
0 0.653125 0.13671875 0.0078125 0.009375
2 0.67265625 0.21484375 0.028125 0.084375
0 0.6734375 0.17890625 0.0078125 0.0125
1 0.67890625 0.22890625 0.00625 0.009375
2 0.7296875 0.21171875 0.0296875 0.0875
0 0.7296875 0.17578125 0.0078125 0.0140625
1 0.7359375 0.2296875 0.00625 0.009375
2 0.778125 0.32578125 0.0390625 0.0953125