2 0.67265625 0.721875 0.04609375 0.175
0 0.67890625 0.6484375 0.0140625 0.0265625
1 0.6875 0.77265625 0.0125 0.01875
2 0.6140625 0.59609375 0.03984375 0.14375
0 0.6171875 0.53515625 0.01171875 0.02109375
1 0.6203125 0.625 0.01015625 0.01328125
2 0.63203125 0.534375 0.03515625 0.1328125
0 0.63359375 0.4796875 0.01171875 0.02109375
1 0.63671875 0.5703125 0.009375 0.0125
2 0.8015625 0.53125 0.0421875 0.128125
0 0.80625 0.478125 0.0109375 0.01953125
1 0.81640625 0.55390625 0.009375 0.01328125
2 0.5734375 0.45859375 0.02578125 0.10703125
0 0.57421875 0.415625 0.0125 0.01875
1 0.57734375 0.49296875 0.00859375 0.01171875