2 0.36640625 0.66796875 0.08125 0.1875
0 0.34453125 0.61953125 0.01875 0.034375
0 0.35546875 0.59375 0.021875 0.028125
1 0.36171875 0.728125 0.0171875 0.021875
2 0.3046875 0.34921875 0.0421875 0.10625
2 0.2453125 0.36015625 0.0421875 0.103125
2 0.20546875 0.34140625 0.040625 0.0984375
1 0.30078125 0.36953125 0.0078125 0.009375
1 0.240625 0.38125 0.0078125 0.009375
1 0.2015625 0.3640625 0.0078125 0.0109375
0 0.29609375 0.3046875 0.009375 0.015625
0 0.23671875 0.3171875 0.009375 0.015625
2 0.47265625 0.228125 0.0328125 0.078125
1 0.47265625 0.25078125 0.0078125 0.009375
0 0.46796875 0.19609375 0.0078125 0.009375