2 0.62265625 0.29921875 0.09375 0.221875
2 0.36328125 0.3578125 0.1015625 0.2390625
1 0.365625 0.42109375 0.021875 0.025
2 0.28671875 0.35390625 0.0953125 0.2296875
1 0.28515625 0.43203125 0.021875 0.0265625
2 0.04296875 0.30546875 0.0859375 0.2015625
0 0.0203125 0.22578125 0.0203125 0.03125
1 0.028125 0.346875 0.01875 0.021875
2 0.49296875 0.79296875 0.15625 0.3625
0 0.4640625 0.64765625 0.0359375 0.0578125
1 0.4984375 0.88359375 0.03125 0.0390625
2 0.59921875 0.5671875 0.121875 0.3
1 0.6171875 0.6546875 0.0296875 0.04375