2 0.353125 0.815625 0.0859375 0.36640625
0 0.35078125 0.66328125 0.028125 0.05390625
1 0.35625 0.91171875 0.0265625 0.03828125
2 0.278125 0.25 0.0421875 0.20078125
2 0.37265625 0.25234375 0.05 0.20234375
2 0.75625 0.3890625 0.07109375 0.24375
2 0.88828125 0.15546875 0.0515625 0.17734375
0 0.27578125 0.1609375 0.015625 0.0234375
0 0.36484375 0.1671875 0.01875 0.02578125
0 0.37109375 0.16328125 0.01171875 0.025
0 0.7640625 0.28515625 0.0171875 0.03359375
0 0.890625 0.078125 0.01640625 0.025
1 0.27578125 0.28984375 0.01328125 0.02109375
1 0.37578125 0.2953125 0.01328125 0.0171875
1 0.7765625 0.46640625 0.01640625 0.0265625
1 0.896875 0.21171875 0.01640625 0.0171875