2 0.25859375 0.34140625 0.1 0.2484375
0 0.24921875 0.240625 0.021875 0.0375
1 0.26484375 0.384375 0.0203125 0.0265625
2 0.31640625 0.79375 0.13125 0.3609375
2 0.3359375 0.2765625 0.06875 0.2015625
2 0.7046875 0.19140625 0.071875 0.19375
2 0.77890625 0.22421875 0.078125 0.2015625
2 0.77421875 0.11015625 0.0625 0.165625
2 0.91796875 0.125 0.0734375 0.19375
1 0.33046875 0.88515625 0.03125 0.040625
1 0.34375 0.33671875 0.0171875 0.028125
1 0.7171875 0.23515625 0.0171875 0.025
1 0.78828125 0.271875 0.0234375 0.0265625
0 0.76875 0.140625 0.0203125 0.0359375
1 0.7890625 0.1484375 0.0171875 0.015625
1 0.93671875 0.1625 0.015625 0.0203125
0 0.32265625 0.19140625 0.01875 0.028125
0 0.70234375 0.13984375 0.01875 0.025
0 0.69375 0.109375 0.0171875 0.0234375
0 0.7671875 0.0453125 0.0203125 0.034375
0 0.9109375 0.046875 0.0203125 0.0296875