2 0.75390625 0.31640625 0.16640625 0.1828125
0 0.7484375 0.2453125 0.046875 0.03125
1 0.78203125 0.35703125 0.04921875 0.021875
2 0.56328125 0.140625 0.09375 0.12734375
2 0.82265625 0.18984375 0.084375 0.13984375
2 0.75234375 0.1078125 0.08125 0.11328125
2 0.840625 0.0609375 0.0765625 0.10234375
0 0.55625 0.08828125 0.0390625 0.0171875
0 0.75 0.06015625 0.0265625 0.01640625
0 0.83828125 0.01875 0.03046875 0.01640625
1 0.7625 0.1328125 0.0296875 0.01171875
0 0.81875 0.1296875 0.0328125 0.0203125
1 0.83359375 0.2140625 0.03046875 0.01328125
1 0.56875 0.18515625 0.0296875 0.0140625
1 0.8515625 0.08203125 0.0265625 0.0109375