2 0.44921875 0.5234375 0.096875 0.2328125
1 0.47109375 0.58125 0.021875 0.0265625
2 0.77265625 0.60234375 0.2765625 0.509375
0 0.73671875 0.38671875 0.0484375 0.0578125
2 0.596875 0.5234375 0.1046875 0.25625
0 0.5859375 0.415625 0.0265625 0.03125
2 0.5203125 0.4875 0.0671875 0.1640625
0 0.509375 0.4171875 0.015625 0.0203125
1 0.53125 0.509375 0.0140625 0.015625
1 0.6203125 0.56015625 0.021875 0.021875
2 0.35 0.509375 0.0765625 0.1734375
2 0.39453125 0.49921875 0.0640625 0.146875
1 0.37578125 0.553125 0.0140625 0.0171875
1 0.40390625 0.5140625 0.0125 0.0125
0 0.38359375 0.43828125 0.0140625 0.01875