2 0.2921875 0.65234375 0.10625 0.346875
0 0.29609375 0.50859375 0.03125 0.0515625
1 0.3015625 0.721875 0.025 0.034375
2 0.36796875 0.4921875 0.06875 0.2765625
0 0.36171875 0.37734375 0.0203125 0.0390625
1 0.36875 0.571875 0.0203125 0.028125
2 0.8546875 0.4046875 0.06875 0.24375
0 0.86015625 0.30546875 0.0203125 0.0390625
1 0.865625 0.4703125 0.01875 0.0265625
2 0.7828125 0.3140625 0.0640625 0.2234375
0 0.7828125 0.221875 0.0171875 0.0328125
1 0.7921875 0.36640625 0.0171875 0.0234375
2 0.9078125 0.2703125 0.065625 0.2140625
0 0.909375 0.18046875 0.01875 0.03125
1 0.9234375 0.3109375 0.015625 0.0203125