2 0.28046875 0.76796875 0.065625 0.1875
0 0.28359375 0.690625 0.0171875 0.028125
1 0.2671875 0.81015625 0.015625 0.0203125
2 0.33203125 0.65078125 0.05625 0.1578125
1 0.3140625 0.7 0.0125 0.01875
2 0.42265625 0.53671875 0.040625 0.1265625
0 0.4265625 0.48359375 0.0109375 0.01875
1 0.4171875 0.559375 0.0125 0.0140625
2 0.234375 0.45390625 0.0375 0.1046875
0 0.2359375 0.41171875 0.0109375 0.015625
1 0.225 0.47421875 0.009375 0.0109375
2 0.36796875 0.4890625 0.0359375 0.1078125
0 0.36875 0.44296875 0.009375 0.0140625
2 0.44453125 0.38359375 0.0265625 0.084375
0 0.44375 0.35 0.0078125 0.0109375
0 0.4484375 0.3453125 0.00625 0.009375
2 0.47265625 0.33515625 0.021875 0.0734375
0 0.475 0.30546875 0.00625 0.0125
2 0.4359375 0.33515625 0.0203125 0.06875
0 0.43671875 0.30546875 0.0046875 0.0078125
2 0.28515625 0.3234375 0.025 0.0671875
0 0.284375 0.2953125 0.00625 0.0109375
1 0.4703125 0.3484375 0.00625 0.00625
1 0.43984375 0.39921875 0.00625 0.0078125
1 0.43359375 0.346875 0.0046875 0.00625
1 0.3578125 0.51171875 0.0078125 0.0109375