2 0.4546875 0.80859375 0.0859375 0.371875
0 0.45546875 0.65390625 0.0296875 0.05390625
1 0.4671875 0.9125 0.02578125 0.0390625
2 0.315625 0.57109375 0.07265625 0.28203125
0 0.3234375 0.4625 0.02890625 0.04609375
0 0.31171875 0.44921875 0.0203125 0.03671875
1 0.31875 0.64140625 0.02265625 0.03203125
2 0.4640625 0.4234375 0.059375 0.24453125
0 0.4640625 0.31875 0.01953125 0.03046875
1 0.46953125 0.47734375 0.01953125 0.02578125
2 0.75078125 0.77109375 0.09765625 0.35390625
0 0.75546875 0.61875 0.02734375 0.04921875
1 0.77109375 0.8609375 0.02421875 0.034375
2 0.8640625 0.23984375 0.0484375 0.20859375
2 0.25546875 0.26171875 0.05 0.21171875
2 0.4625 0.0953125 0.03828125 0.1546875
0 0.46171875 0.03125 0.01015625 0.01875
0 0.86796875 0.15625 0.0171875 0.03203125
1 0.465625 0.1359375 0.01015625 0.01875
1 0.8765625 0.28203125 0.0140625 0.028125