2 0.3515625 0.7390625 0.0640625 0.178125
0 0.3375 0.66640625 0.0171875 0.028125
1 0.3421875 0.790625 0.0140625 0.0203125
2 0.396875 0.6078125 0.0546875 0.146875
0 0.3875 0.546875 0.0140625 0.021875
1 0.39375 0.63671875 0.0109375 0.0140625
2 0.37265625 0.54765625 0.0484375 0.1359375
0 0.36484375 0.49375 0.0140625 0.021875
1 0.37109375 0.584375 0.0109375 0.0140625
2 0.203125 0.5625 0.0546875 0.13125
0 0.19296875 0.51015625 0.0125 0.0203125
1 0.190625 0.58671875 0.0109375 0.0140625
2 0.42265625 0.46640625 0.0375 0.109375
0 0.4171875 0.42421875 0.0140625 0.0203125
1 0.42265625 0.50078125 0.009375 0.0125