2 0.28984375 0.6484375 0.1 0.3453125
0 0.29609375 0.5046875 0.0296875 0.05078125
1 0.29765625 0.71875 0.025 0.034375
2 0.36796875 0.48984375 0.06328125 0.27578125
0 0.3640625 0.375 0.0203125 0.0390625
1 0.3671875 0.56953125 0.01953125 0.02734375
2 0.85625 0.4109375 0.0640625 0.2421875
0 0.86328125 0.31171875 0.01953125 0.03828125
1 0.86640625 0.4765625 0.01875 0.02578125
2 0.7859375 0.31875 0.06015625 0.221875
0 0.7875 0.2265625 0.01640625 0.0328125
1 0.79453125 0.371875 0.01640625 0.02265625
2 0.91171875 0.27734375 0.06171875 0.21328125
0 0.91484375 0.1875 0.01796875 0.03046875
1 0.9265625 0.31796875 0.015625 0.01953125