2 0.221875 0.8875 0.0859375 0.1625
0 0.2203125 0.8359375 0.025 0.046875
2 0.31015625 0.453125 0.04375 0.103125
1 0.2984375 0.47109375 0.009375 0.0125
2 0.31953125 0.39140625 0.034375 0.0828125
0 0.3140625 0.41171875 0.0109375 0.0140625
2 0.37421875 0.425 0.034375 0.090625
2 0.3625 0.39296875 0.0375 0.0875
2 0.2234375 0.39765625 0.0421875 0.0953125
0 0.37734375 0.3859375 0.0078125 0.0109375
0 0.3671875 0.35703125 0.0078125 0.0125
0 0.32265625 0.35625 0.0078125 0.0109375
0 0.3171875 0.3578125 0.0078125 0.0109375
0 0.22578125 0.35859375 0.0078125 0.0125
0 0.2171875 0.36328125 0.0109375 0.0140625
1 0.35625 0.4125 0.009375 0.0125
1 0.3671875 0.44296875 0.009375 0.0125
1 0.2125 0.42109375 0.0078125 0.0109375