2 0.76484375 0.43125 0.03125 0.1046875
2 0.596875 0.459375 0.0875 0.2203125
2 0.69453125 0.53046875 0.1515625 0.4015625
1 0.7 0.61640625 0.040625 0.0484375
0 0.728125 0.3609375 0.034375 0.0484375
0 0.67890625 0.36171875 0.028125 0.0421875
2 0.6578125 0.4828125 0.090625 0.29375
1 0.61015625 0.5171875 0.021875 0.028125
0 0.61015625 0.36640625 0.0203125 0.0265625
2 0.503125 0.48828125 0.121875 0.3390625
1 0.4765625 0.56875 0.0328125 0.0390625
0 0.5265625 0.3421875 0.028125 0.0359375
0 0.55 0.34765625 0.0203125 0.028125
0 0.5609375 0.35078125 0.0140625 0.021875
2 0.7859375 0.4390625 0.04375 0.125
0 0.7984375 0.38984375 0.0125 0.0171875
1 0.78828125 0.4609375 0.0140625 0.015625
1 0.7625 0.4609375 0.0109375 0.0140625
0 0.771875 0.3859375 0.009375 0.0125