2 0.39765625 0.8625 0.0890625 0.2203125
0 0.4109375 0.7734375 0.0203125 0.0328125
1 0.3890625 0.91328125 0.01875 0.025
0 0.26328125 0.8984375 0.0265625 0.0453125
2 0.24609375 0.4984375 0.046875 0.1203125
0 0.2421875 0.45390625 0.009375 0.0140625
0 0.24609375 0.45 0.009375 0.015625
2 0.3125 0.43046875 0.0375 0.096875
0 0.31484375 0.38984375 0.009375 0.0140625
2 0.26328125 0.41171875 0.0359375 0.09375
0 0.26484375 0.37265625 0.009375 0.0125
2 0.6015625 0.459375 0.034375 0.1
0 0.60859375 0.41875 0.009375 0.0140625
2 0.48828125 0.32578125 0.025 0.065625
0 0.49140625 0.29921875 0.00625 0.009375
2 0.38125 0.34609375 0.0296875 0.08125
0 0.384375 0.31328125 0.0078125 0.0125
1 0.37421875 0.3640625 0.0046875 0.0078125
1 0.48359375 0.346875 0.0046875 0.0078125
1 0.30234375 0.45390625 0.0078125 0.009375
1 0.60078125 0.48203125 0.0078125 0.0109375
1 0.25078125 0.4390625 0.0078125 0.009375
2 0.4171875 0.3 0.021875 0.059375
0 0.4203125 0.275 0.0046875 0.0078125
1 0.415625 0.315625 0.0046875 0.00625