2 0.52109375 0.590625 0.06875 0.203125
1 0.5234375 0.64375 0.0171875 0.0234375
0 0.5234375 0.50546875 0.021875 0.0296875
2 0.671875 0.646875 0.0703125 0.203125
2 0.759375 0.63671875 0.078125 0.2015625
2 0.64609375 0.41171875 0.0515625 0.15
2 0.7265625 0.3953125 0.04375 0.1359375
2 0.80390625 0.390625 0.0515625 0.13125
2 0.90859375 0.4859375 0.0671875 0.153125
2 0.90625 0.40078125 0.05 0.1140625
2 0.58984375 0.30234375 0.0421875 0.1078125
2 0.5265625 0.3625 0.04375 0.1296875
2 0.53359375 0.27734375 0.03125 0.0953125
2 0.5546875 0.22265625 0.03125 0.0953125
1 0.68359375 0.69453125 0.015625 0.0203125
1 0.78046875 0.68359375 0.015625 0.021875
1 0.92734375 0.53125 0.009375 0.015625
1 0.81796875 0.42109375 0.0109375 0.015625
1 0.73046875 0.4359375 0.0109375 0.0140625
1 0.653125 0.45703125 0.0109375 0.0125
1 0.53359375 0.39609375 0.009375 0.0125
1 0.5890625 0.32734375 0.009375 0.0109375
0 0.559375 0.18125 0.00625 0.0109375
0 0.53984375 0.2375 0.009375 0.0140625
0 0.53515625 0.30859375 0.0125 0.01875
0 0.59375 0.26640625 0.009375 0.0140625
0 0.65234375 0.34921875 0.0109375 0.021875
0 0.73515625 0.33828125 0.0125 0.0171875
0 0.8125 0.3359375 0.0140625 0.01875
0 0.91875 0.3546875 0.0140625 0.0203125
0 0.921875 0.41953125 0.0171875 0.021875
0 0.68203125 0.5625 0.01875 0.0328125
0 0.7734375 0.55078125 0.021875 0.028125