2 0.43515625 0.36328125 0.0203125 0.07578125
1 0.43515625 0.37890625 0.00546875 0.0078125
2 0.6296875 0.5609375 0.03515625 0.12265625
0 0.6296875 0.50859375 0.01015625 0.01796875
1 0.63671875 0.5859375 0.01015625 0.01328125
2 0.675 0.515625 0.034375 0.10546875
0 0.684375 0.47265625 0.009375 0.01640625
1 0.6828125 0.540625 0.00859375 0.01171875
2 0.571875 0.34140625 0.03828125 0.07578125
2 0.6171875 0.3921875 0.0203125 0.08515625
2 0.71015625 0.4546875 0.02734375 0.0921875
2 0.7125 0.4046875 0.025 0.084375
2 0.6359375 0.36796875 0.01640625 0.075
2 0.64375 0.3234375 0.01953125 0.0609375
2 0.59921875 0.3015625 0.0171875 0.05390625
0 0.5640625 0.309375 0.00546875 0.0125
0 0.61875 0.35625 0.00703125 0.01171875
0 0.6359375 0.3359375 0.00625 0.01015625
0 0.64453125 0.29921875 0.00546875 0.01015625
0 0.60078125 0.2796875 0.0046875 0.0109375
0 0.7125 0.4140625 0.0078125 0.01328125
0 0.71640625 0.371875 0.0109375 0.0140625
1 0.71875 0.4703125 0.0078125 0.01015625
1 0.6203125 0.409375 0.00625 0.00859375
1 0.6375 0.3921875 0.00625 0.00859375
1 0.6484375 0.33515625 0.00546875 0.00703125
1 0.60390625 0.31328125 0.00625 0.00703125