2 0.37890625 0.67421875 0.0375 0.1609375
0 0.3765625 0.60625 0.0125 0.025
1 0.375 0.71484375 0.0109375 0.015625
2 0.83046875 0.64921875 0.05 0.14921875
0 0.83515625 0.5859375 0.01171875 0.01953125
1 0.84765625 0.69140625 0.0109375 0.015625
2 0.9078125 0.6234375 0.05234375 0.1390625
0 0.915625 0.5640625 0.0125 0.01953125
1 0.92890625 0.66953125 0.009375 0.01484375
2 0.72109375 0.47578125 0.03203125 0.1109375
2 0.56640625 0.41640625 0.02265625 0.0875
2 0.6453125 0.38203125 0.0203125 0.075
2 0.70703125 0.403125 0.0234375 0.07890625
1 0.56953125 0.44453125 0.00625 0.0078125
1 0.64921875 0.403125 0.00546875 0.00703125
1 0.71328125 0.41796875 0.00546875 0.00703125
1 0.73125 0.5015625 0.00703125 0.00859375
0 0.7234375 0.42734375 0.00859375 0.0140625
0 0.5671875 0.37890625 0.00625 0.01015625
0 0.64765625 0.34921875 0.00546875 0.00859375
0 0.70703125 0.36796875 0.0078125 0.0078125