0 0.590625 0.74921875 0.02578125 0.0578125
2 0.590625 0.8578125 0.09375 0.284375
2 0.71953125 0.80859375 0.08984375 0.35859375
0 0.7265625 0.65859375 0.03125 0.05859375
1 0.73828125 0.89375 0.02578125 0.034375
2 0.89296875 0.73671875 0.10390625 0.321875
0 0.89609375 0.596875 0.021875 0.0390625
0 0.9109375 0.6203125 0.03046875 0.05859375
1 0.91484375 0.8265625 0.0234375 0.0328125
2 0.38984375 0.49765625 0.06953125 0.25703125
0 0.3890625 0.3875 0.021875 0.0390625
1 0.39453125 0.57265625 0.0203125 0.02734375
2 0.57421875 0.3015625 0.05234375 0.2078125
0 0.578125 0.21640625 0.01640625 0.03515625
1 0.58203125 0.34765625 0.01796875 0.02265625
2 0.353125 0.18515625 0.04140625 0.175
0 0.35234375 0.1125 0.01640625 0.02734375
1 0.353125 0.21796875 0.01328125 0.01796875
2 0.91796875 0.33203125 0.0625 0.2140625
0 0.92109375 0.23984375 0.01796875 0.02421875
0 0.93125 0.253125 0.0203125 0.0296875
1 0.934375 0.3765625 0.01796875 0.021875