2 0.565625 0.74296875 0.0921875 0.34140625
0 0.56953125 0.6 0.02578125 0.05078125
1 0.578125 0.8296875 0.0234375 0.03125
2 0.41875 0.34140625 0.0578125 0.221875
2 0.52421875 0.253125 0.05078125 0.20546875
2 0.86796875 0.23046875 0.05859375 0.19765625
1 0.88203125 0.2765625 0.0140625 0.01875
1 0.42109375 0.41484375 0.01796875 0.0203125
1 0.53046875 0.3 0.01640625 0.02109375
0 0.41640625 0.25078125 0.01953125 0.03125
0 0.521875 0.1703125 0.0125 0.0265625
0 0.528125 0.16328125 0.01328125 0.02421875
0 0.871875 0.14609375 0.01328125 0.0265625
0 0.88046875 0.146875 0.01484375 0.02109375