2 0.81328125 0.69296875 0.0625 0.15625
0 0.825 0.63359375 0.015625 0.0265625
2 0.54375 0.5421875 0.0375 0.1203125
0 0.54453125 0.4921875 0.0109375 0.0203125
1 0.54921875 0.56484375 0.009375 0.0140625
2 0.51796875 0.45390625 0.0328125 0.103125
0 0.52109375 0.41796875 0.009375 0.015625
1 0.51953125 0.4828125 0.0078125 0.009375
2 0.55703125 0.45 0.0296875 0.0984375
0 0.56015625 0.4109375 0.009375 0.0171875
1 0.5609375 0.4765625 0.0078125 0.0109375
2 0.63203125 0.44453125 0.0296875 0.0953125
0 0.63515625 0.4046875 0.0078125 0.0140625
1 0.6359375 0.46953125 0.0078125 0.0109375
2 0.7578125 0.4171875 0.028125 0.0890625
2 0.565625 0.34140625 0.0203125 0.071875
2 0.646875 0.30390625 0.0171875 0.0546875
2 0.69296875 0.3421875 0.0203125 0.0734375
0 0.7625 0.38125 0.00625 0.0125
0 0.69609375 0.3125 0.00625 0.0109375
0 0.6484375 0.28203125 0.0046875 0.009375
0 0.5671875 0.3109375 0.00625 0.009375
1 0.56796875 0.35390625 0.0046875 0.0078125
1 0.6484375 0.31875 0.0046875 0.00625
1 0.76484375 0.4453125 0.00625 0.0078125