2 0.8953125 0.696875 0.06875 0.20078125
0 0.9 0.6109375 0.015625 0.02421875
1 0.915625 0.74375 0.0140625 0.02109375
2 0.5921875 0.4953125 0.0375 0.1375
0 0.59375 0.4390625 0.0109375 0.02109375
1 0.59921875 0.53984375 0.01171875 0.0140625
2 0.3890625 0.1921875 0.01640625 0.07265625
2 0.425 0.221875 0.02109375 0.075
2 0.4515625 0.2671875 0.02421875 0.090625
2 0.5078125 0.2796875 0.02109375 0.0921875
2 0.55078125 0.27734375 0.0203125 0.0859375
2 0.55703125 0.22890625 0.01875 0.07265625
2 0.646875 0.23046875 0.02109375 0.07421875
0 0.55234375 0.23984375 0.00703125 0.01015625
0 0.55859375 0.1984375 0.00625 0.0109375
0 0.64765625 0.19921875 0.00625 0.0125
1 0.3890625 0.20390625 0.00625 0.00703125
1 0.425 0.24296875 0.0046875 0.00625
1 0.453125 0.2890625 0.00625 0.0078125
1 0.509375 0.29765625 0.0078125 0.00859375
1 0.65234375 0.24765625 0.00546875 0.00703125