2 0.2609375 0.625 0.1125 0.3234375
0 0.24375 0.49453125 0.0296875 0.0515625
1 0.259375 0.703125 0.0265625 0.034375
2 0.38046875 0.515625 0.090625 0.2796875
0 0.3671875 0.4015625 0.0234375 0.0453125
0 0.375 0.4328125 0.0265625 0.040625
1 0.3921875 0.5953125 0.0234375 0.028125
2 0.77578125 0.51015625 0.1 0.2984375
0 0.7734375 0.3890625 0.028125 0.0515625
1 0.80625 0.58671875 0.0234375 0.0296875
2 0.525 0.31640625 0.08125 0.2296875
0 0.51953125 0.21875 0.01875 0.03125
0 0.53203125 0.22421875 0.0234375 0.025
1 0.540625 0.36328125 0.01875 0.0203125