2 0.29921875 0.815625 0.08125 0.2125
1 0.28515625 0.86640625 0.0171875 0.025
2 0.54453125 0.33984375 0.0265625 0.065625
2 0.5921875 0.3046875 0.01875 0.046875
2 0.6203125 0.284375 0.0203125 0.0484375
2 0.6375 0.3015625 0.0203125 0.0515625
2 0.60546875 0.29921875 0.01875 0.05
2 0.7 0.37421875 0.03125 0.0671875
2 0.68828125 0.32578125 0.021875 0.053125
0 0.54921875 0.3140625 0.00625 0.0109375
0 0.59609375 0.28671875 0.0046875 0.00625
0 0.6421875 0.28125 0.0046875 0.0078125
0 0.64140625 0.28125 0.0046875 0.0078125
0 0.60859375 0.278125 0.00625 0.00625
0 0.62265625 0.26484375 0.0046875 0.009375
0 0.6921875 0.30390625 0.0046875 0.00625
0 0.70390625 0.34765625 0.00625 0.009375
0 0.69609375 0.30625 0.00625 0.00625
0 0.70703125 0.346875 0.00625 0.009375
1 0.70078125 0.3875 0.00625 0.00625
1 0.54296875 0.35390625 0.00625 0.00625
1 0.6890625 0.33984375 0.0046875 0.0046875
1 0.6375 0.3125 0.00625 0.00625
1 0.61953125 0.29453125 0.0046875 0.00625
1 0.6046875 0.309375 0.0046875 0.0046875
1 0.59296875 0.3171875 0.0046875 0.0046875