2 0.7 0.7828125 0.053125 0.184375
0 0.70234375 0.70546875 0.015625 0.02734375
1 0.7109375 0.82578125 0.0140625 0.01875
2 0.65703125 0.6625 0.0453125 0.15546875
1 0.671875 0.7125 0.0109375 0.01796875
2 0.57421875 0.5421875 0.03203125 0.12421875
0 0.57421875 0.4890625 0.01015625 0.01796875
1 0.578125 0.56484375 0.0109375 0.0140625
2 0.76796875 0.47265625 0.03046875 0.103125
0 0.76953125 0.43046875 0.01015625 0.015625
1 0.77578125 0.49375 0.00859375 0.01015625
2 0.6328125 0.4984375 0.02890625 0.10625
0 0.63515625 0.45234375 0.0078125 0.0140625
2 0.56328125 0.3875 0.02109375 0.08359375
0 0.56640625 0.35390625 0.00703125 0.0109375
0 0.5625 0.34921875 0.00625 0.00859375
2 0.5390625 0.3375 0.0171875 0.07265625
0 0.53828125 0.3078125 0.00546875 0.0125
2 0.57578125 0.33984375 0.015625 0.0671875
0 0.5765625 0.31015625 0.0046875 0.0078125
2 0.7265625 0.3390625 0.02109375 0.06640625
0 0.7296875 0.3109375 0.00625 0.01015625
1 0.53984375 0.35078125 0.00546875 0.00625
1 0.5671875 0.40390625 0.00546875 0.0078125
1 0.5765625 0.3515625 0.0046875 0.00546875
1 0.640625 0.521875 0.0078125 0.0109375