2 0.57734375 0.6765625 0.0609375 0.16875
0 0.5734375 0.62109375 0.015625 0.0265625
0 0.57109375 0.60546875 0.015625 0.021875
1 0.58671875 0.7265625 0.0125 0.01875
2 0.65859375 0.7140625 0.0578125 0.1703125
0 0.65546875 0.64375 0.0140625 0.028125
1 0.67265625 0.76640625 0.0125 0.01875
2 0.69296875 0.5484375 0.0484375 0.128125
0 0.69140625 0.4953125 0.0109375 0.0171875
1 0.7046875 0.58359375 0.0109375 0.0125
2 0.58984375 0.45625 0.034375 0.1046875
0 0.58828125 0.41171875 0.0078125 0.0125
1 0.5953125 0.47578125 0.0078125 0.0109375
2 0.73984375 0.89453125 0.0796875 0.1765625
0 0.7375 0.828125 0.025 0.0390625
2 0.84921875 0.503125 0.0453125 0.11875
2 0.74765625 0.4140625 0.034375 0.0984375
2 0.65703125 0.3453125 0.025 0.071875
0 0.65625 0.31484375 0.0078125 0.0109375
0 0.746875 0.3734375 0.009375 0.015625
0 0.84921875 0.453125 0.0109375 0.015625
1 0.86484375 0.53984375 0.009375 0.0125
1 0.66171875 0.3609375 0.00625 0.00625