2 0.553125 0.20625 0.0484375 0.1953125
1 0.56015625 0.25546875 0.0140625 0.0171875
2 0.6125 0.19140625 0.04140625 0.18984375
1 0.6234375 0.2546875 0.01328125 0.015625
2 0.5015625 0.440625 0.06640625 0.2515625
0 0.5015625 0.3328125 0.01875 0.0328125
1 0.509375 0.4984375 0.01875 0.02109375
2 0.33984375 0.171875 0.04609375 0.16796875
2 0.4140625 0.290625 0.05234375 0.21484375
1 0.41171875 0.35078125 0.015625 0.0203125
2 0.840625 0.15234375 0.04375 0.17734375
2 0.6453125 0.134375 0.0375 0.1546875
0 0.64453125 0.06640625 0.01640625 0.021875
0 0.8421875 0.078125 0.0125 0.0234375