2 0.28515625 0.57421875 0.0921875 0.3046875
0 0.27734375 0.44296875 0.021875 0.0375
1 0.27109375 0.64140625 0.0203125 0.028125
2 0.440625 0.53671875 0.084375 0.2828125
0 0.434375 0.41796875 0.021875 0.0421875
1 0.4328125 0.61015625 0.025 0.028125
2 0.56953125 0.5125 0.0828125 0.2796875
0 0.5703125 0.3953125 0.0203125 0.034375
0 0.56875 0.4234375 0.0171875 0.0328125
1 0.5703125 0.5890625 0.0203125 0.025
2 0.7203125 0.2796875 0.0625 0.2109375
2 0.609375 0.2921875 0.0640625 0.2125
2 0.7265625 0.321875 0.021875 0.0265625
2 0.60859375 0.33984375 0.015625 0.0203125
2 0.60703125 0.20078125 0.0171875 0.0296875
2 0.72109375 0.1890625 0.0171875 0.0296875