2 0.1171875 0.5328125 0.1109375 0.121875
2 0.42265625 0.63828125 0.1234375 0.1703125
1 0.41640625 0.68515625 0.0421875 0.021875
0 0.42109375 0.584375 0.0390625 0.0203125
0 0.11953125 0.4828125 0.0265625 0.0203125
1 0.10078125 0.5734375 0.0328125 0.015625
0 0.09375 0.4875 0.0328125 0.021875
0 0.42109375 0.56796875 0.046875 0.0234375
2 0.30703125 0.3453125 0.05625 0.06875
0 0.30625 0.31875 0.01875 0.0125
1 0.29921875 0.359375 0.01875 0.009375
2 0.36171875 0.46171875 0.0796875 0.1015625
1 0.35 0.48515625 0.0265625 0.0125
0 0.36015625 0.41953125 0.0265625 0.015625
0 0.34140625 0.4265625 0.028125 0.0171875
2 0.37265625 0.36328125 0.0640625 0.0765625
1 0.3671875 0.38984375 0.0203125 0.0078125
0 0.36953125 0.33125 0.0171875 0.0109375
2 0.4125 0.28828125 0.046875 0.053125
2 0.3171875 0.28984375 0.0421875 0.046875
0 0.41015625 0.2671875 0.0140625 0.0078125
0 0.31328125 0.271875 0.0125 0.00625