2 0.85390625 0.48828125 0.0859375 0.26875
1 0.86484375 0.55390625 0.01875 0.0265625
0 0.8625 0.37421875 0.01875 0.028125
2 0.93046875 0.6765625 0.103125 0.3140625
1 0.93984375 0.7640625 0.021875 0.0328125
0 0.94765625 0.54765625 0.0265625 0.0453125
2 0.4625 0.14453125 0.05625 0.1796875
2 0.39609375 0.07265625 0.0390625 0.1453125
2 0.8359375 0.16796875 0.05625 0.171875
2 0.9546875 0.240625 0.0640625 0.2109375
2 0.9796875 0.1984375 0.040625 0.184375
1 0.39609375 0.1046875 0.0125 0.01875
1 0.465625 0.18046875 0.015625 0.0171875
1 0.84609375 0.2 0.0140625 0.01875
1 0.9671875 0.284375 0.0140625 0.01875
1 0.9953125 0.234375 0.009375 0.01875
0 0.9921875 0.11640625 0.015625 0.0203125
0 0.9640625 0.153125 0.01875 0.025
0 0.97578125 0.16015625 0.01875 0.0203125
0 0.84375 0.09296875 0.0140625 0.0203125
2 0.7390625 0.18984375 0.0515625 0.11875
0 0.74609375 0.14765625 0.0171875 0.028125
0 0.46796875 0.06640625 0.0140625 0.0203125
0 0.3984375 0.00703125 0.015625 0.0140625
2 0.35390625 0.86015625 0.096875 0.26875
0 0.35703125 0.75390625 0.028125 0.065625