2 0.790625 0.91328125 0.078125 0.1734375
2 0.63671875 0.72734375 0.04609375 0.17265625
0 0.63828125 0.65390625 0.01328125 0.028125
1 0.64453125 0.76484375 0.01328125 0.02109375
2 0.7 0.628125 0.03984375 0.14140625
0 0.70234375 0.56875 0.01171875 0.02265625
1 0.7109375 0.6609375 0.0109375 0.01484375
2 0.8171875 0.546875 0.0375 0.12109375
0 0.8203125 0.4953125 0.0109375 0.0171875
1 0.828125 0.571875 0.009375 0.01171875
2 0.55234375 0.39140625 0.0203125 0.08671875
2 0.59296875 0.446875 0.0265625 0.0984375
2 0.5859375 0.38203125 0.01953125 0.07734375
1 0.55390625 0.4078125 0.00546875 0.00703125
1 0.58828125 0.39921875 0.00546875 0.009375
1 0.59765625 0.46953125 0.009375 0.009375
0 0.553125 0.3546875 0.00703125 0.01171875
0 0.58828125 0.3484375 0.00546875 0.01015625
0 0.59296875 0.40390625 0.0078125 0.0125
0 0.596875 0.4109375 0.00703125 0.01328125