2 0.2796875 0.61875 0.115625 0.23125
0 0.2984375 0.52578125 0.0203125 0.0265625
0 0.28671875 0.53984375 0.01875 0.028125
1 0.2546875 0.675 0.0203125 0.025
2 0.2 0.6140625 0.1125 0.225
0 0.21015625 0.52578125 0.0234375 0.03125
1 0.1640625 0.66796875 0.0171875 0.021875
2 0.30625 0.8125 0.13125 0.2828125
0 0.3234375 0.7015625 0.0296875 0.0421875
0 0.3046875 0.7359375 0.03125 0.0515625
0 0.3203125 0.89453125 0.0390625 0.0578125
0 0.29140625 0.93046875 0.0375 0.0546875
1 0.27734375 0.8921875 0.0265625 0.0328125