2 0.65859375 0.903125 0.1046875 0.19375
0 0.68125 0.86796875 0.025 0.046875
0 0.671875 0.83671875 0.03125 0.046875
2 0.8109375 0.59453125 0.0671875 0.1640625
0 0.82578125 0.53046875 0.0203125 0.0296875
1 0.8234375 0.63671875 0.0140625 0.0171875
2 0.76796875 0.41328125 0.0515625 0.125
0 0.778125 0.3640625 0.0125 0.01875
1 0.775 0.43671875 0.009375 0.0140625
2 0.525 0.35 0.0421875 0.1234375
1 0.52578125 0.375 0.009375 0.0125
2 0.60078125 0.23125 0.028125 0.08125
0 0.60390625 0.19765625 0.0078125 0.0109375
2 0.6046875 0.2859375 0.0328125 0.09375
0 0.61015625 0.24453125 0.009375 0.0109375
2 0.67734375 0.21953125 0.028125 0.078125
0 0.68203125 0.18828125 0.00625 0.009375
1 0.60546875 0.30703125 0.009375 0.009375
1 0.6796875 0.24296875 0.0078125 0.0078125