2 0.23125 0.91953125 0.0875 0.1609375
2 0.375 0.734375 0.0546875 0.175
0 0.3703125 0.6609375 0.0140625 0.028125
1 0.36953125 0.771875 0.0140625 0.021875
2 0.30703125 0.63828125 0.046875 0.14375
0 0.3015625 0.57890625 0.0125 0.0234375
1 0.29765625 0.671875 0.0109375 0.015625
2 0.1859375 0.56328125 0.04375 0.1234375
0 0.1796875 0.51171875 0.0125 0.0171875
1 0.17578125 0.5890625 0.009375 0.0125
2 0.4421875 0.39453125 0.025 0.0875
2 0.4046875 0.4515625 0.03125 0.1
2 0.4078125 0.38671875 0.0234375 0.078125
1 0.44140625 0.4109375 0.00625 0.0078125
1 0.40625 0.40390625 0.00625 0.009375
1 0.40078125 0.475 0.009375 0.009375
0 0.4390625 0.3578125 0.0078125 0.0125
0 0.40390625 0.353125 0.00625 0.0109375
0 0.40234375 0.40859375 0.0078125 0.0125
0 0.3984375 0.41640625 0.0078125 0.0140625