2 0.11953125 0.4453125 0.1234375 0.1328125
2 0.39375 0.61796875 0.1421875 0.18125
1 0.37734375 0.66171875 0.04375 0.0265625
0 0.40390625 0.56484375 0.040625 0.025
0 0.13359375 0.39765625 0.028125 0.0234375
1 0.09453125 0.48203125 0.034375 0.01875
0 0.10703125 0.396875 0.034375 0.025
0 0.4078125 0.54921875 0.0484375 0.0296875
2 0.346875 0.30546875 0.0625 0.0734375
0 0.3515625 0.2796875 0.0203125 0.0140625
1 0.3359375 0.31796875 0.01875 0.0109375
2 0.37421875 0.43203125 0.090625 0.109375
1 0.35703125 0.4515625 0.0265625 0.015625
0 0.38203125 0.390625 0.028125 0.01875
0 0.36171875 0.3921875 0.0296875 0.0203125
2 0.40625 0.33828125 0.0734375 0.0828125
1 0.39609375 0.3625 0.0203125 0.0109375
0 0.4109375 0.30625 0.0171875 0.0125
2 0.4625 0.2734375 0.053125 0.0578125
2 0.36875 0.25390625 0.046875 0.0515625
0 0.46484375 0.25234375 0.015625 0.009375
0 0.36953125 0.2359375 0.0140625 0.0078125