2 0.72265625 0.6296875 0.1296875 0.353125
0 0.70390625 0.48671875 0.034375 0.053125
1 0.7203125 0.7 0.028125 0.0359375
2 0.63046875 0.478125 0.0875 0.2796875
0 0.62421875 0.36328125 0.0234375 0.040625
1 0.63828125 0.5578125 0.021875 0.0296875
2 0.1375 0.4421875 0.084375 0.246875
0 0.121875 0.34375 0.0234375 0.0390625
1 0.1328125 0.50859375 0.0203125 0.0265625
2 0.19921875 0.34453125 0.0796875 0.2265625
0 0.18984375 0.25234375 0.01875 0.034375
1 0.1953125 0.39765625 0.01875 0.0234375
2 0.0703125 0.3140625 0.0796875 0.2171875
0 0.059375 0.225 0.0203125 0.03125
1 0.059375 0.35546875 0.0171875 0.0203125