2 0.3921875 0.221875 0.084375 0.2015625
1 0.39453125 0.27109375 0.0171875 0.0203125
2 0.33046875 0.21875 0.0765625 0.19375
1 0.33203125 0.2828125 0.015625 0.0171875
2 0.4875 0.4421875 0.1125 0.259375
0 0.46640625 0.3359375 0.025 0.0359375
1 0.490625 0.5 0.021875 0.025
2 0.59453125 0.14765625 0.0765625 0.1734375
2 0.54453125 0.278125 0.0921875 0.2203125
1 0.5578125 0.33671875 0.01875 0.0234375
2 0.09921875 0.2234375 0.0765625 0.1828125
2 0.2875 0.16875 0.065625 0.159375
0 0.275 0.1015625 0.0203125 0.025
0 0.08359375 0.15078125 0.0171875 0.025