2 0.57265625 0.7234375 0.0875 0.33125
0 0.5703125 0.58515625 0.025 0.0484375
1 0.57265625 0.79140625 0.0265625 0.034375
2 0.04609375 0.8421875 0.0921875 0.3
2 0.66484375 0.18828125 0.05 0.196875
2 0.55703125 0.2828125 0.0484375 0.2171875
2 0.20546875 0.2796875 0.0578125 0.2109375
2 0.1109375 0.07890625 0.0421875 0.153125
2 0.0796875 0.1578125 0.05625 0.184375
1 0.6640625 0.225 0.0140625 0.0171875
1 0.553125 0.328125 0.0171875 0.021875
1 0.18984375 0.3359375 0.0140625 0.0265625
1 0.06484375 0.19765625 0.0140625 0.015625
1 0.09765625 0.1109375 0.0125 0.01875
1 0.01171875 0.9734375 0.0234375 0.034375
2 0.69375 0.090625 0.0390625 0.1609375
1 0.690625 0.121875 0.0125 0.01875
0 0.66875 0.1015625 0.015625 0.021875
0 0.5578125 0.1875 0.021875 0.025
0 0.20703125 0.19296875 0.015625 0.03125
0 0.1078125 0.01640625 0.0125 0.0171875
0 0.0734375 0.084375 0.0171875 0.0328125
0 0.03671875 0.7234375 0.0296875 0.053125