2 0.38984375 0.665625 0.0421875 0.18125
0 0.38828125 0.58671875 0.01328125 0.02265625
1 0.38671875 0.71875 0.0125 0.01796875
2 0.63828125 0.91484375 0.06015625 0.1703125
0 0.64375 0.84765625 0.01875 0.034375
0 0.64609375 0.8828125 0.0203125 0.03828125
2 0.59921875 0.50390625 0.0328125 0.1265625
0 0.60078125 0.45 0.00859375 0.0171875
1 0.6046875 0.53203125 0.009375 0.01171875
2 0.83359375 0.9359375 0.08828125 0.128125
0 0.83671875 0.8890625 0.01875 0.03359375
0 0.8515625 0.90859375 0.021875 0.02890625