2 0.5125 0.5109375 0.3453125 0.3734375
1 0.40703125 0.5421875 0.078125 0.0453125
2 0.7609375 0.47421875 0.103125 0.11875
2 0.846875 0.5078125 0.115625 0.140625
2 0.64921875 0.4421875 0.10625 0.1125
1 0.62734375 0.453125 0.028125 0.0203125
0 0.66015625 0.40546875 0.03125 0.0171875
0 0.640625 0.4046875 0.0265625 0.01875
0 0.77109375 0.434375 0.0359375 0.021875
0 0.8546875 0.45546875 0.0390625 0.021875
1 0.83515625 0.51953125 0.0453125 0.025
1 0.7390625 0.48671875 0.04375 0.021875
2 0.46875 0.41015625 0.171875 0.1546875
0 0.46875 0.35703125 0.0578125 0.0265625
1 0.40859375 0.4171875 0.040625 0.0265625