2 0.484375 0.546875 0.096875 0.13203125
1 0.49296875 0.590625 0.03125 0.0140625
2 0.23828125 0.7703125 0.14609375 0.17890625
1 0.22265625 0.8265625 0.04453125 0.02109375
0 0.2078125 0.73671875 0.05390625 0.028125
0 0.2171875 0.69453125 0.04296875 0.025
2 0.40078125 0.340625 0.05 0.07109375
2 0.4953125 0.3390625 0.05 0.06953125
2 0.59921875 0.3234375 0.05546875 0.06640625
2 0.68984375 0.30859375 0.05 0.06328125
2 0.90546875 0.3171875 0.05859375 0.06796875
2 0.653125 0.26640625 0.04140625 0.0515625
2 0.58046875 0.265625 0.0375 0.04921875
2 0.40859375 0.29609375 0.0375 0.05546875
0 0.396875 0.31015625 0.01875 0.009375
1 0.39921875 0.35546875 0.015625 0.00546875
0 0.4875 0.31015625 0.0140625 0.00859375
0 0.4953125 0.309375 0.01640625 0.00625
1 0.4953125 0.35234375 0.01640625 0.00625
1 0.60390625 0.3375 0.01640625 0.00703125
0 0.60390625 0.29921875 0.015625 0.0078125
0 0.5984375 0.2953125 0.01484375 0.00859375
1 0.409375 0.315625 0.01484375 0.00625
0 0.57890625 0.24296875 0.0109375 0.00546875
0 0.653125 0.2453125 0.0125 0.00859375
1 0.58359375 0.27421875 0.0125 0.00546875
1 0.65703125 0.28046875 0.01328125 0.00625
0 0.9046875 0.28828125 0.01640625 0.00859375
0 0.6890625 0.28046875 0.01796875 0.00703125
1 0.69921875 0.32265625 0.0171875 0.00546875
1 0.91953125 0.33203125 0.015625 0.0078125