2 0.23203125 0.72890625 0.0515625 0.1640625
0 0.22734375 0.6609375 0.0125 0.0234375
1 0.2171875 0.76875 0.0125 0.015625
2 0.19375 0.6640625 0.05625 0.1515625
0 0.18671875 0.60390625 0.0125 0.0265625
1 0.178125 0.7046875 0.0125 0.0171875
2 0.15078125 0.6328125 0.0515625 0.1453125
0 0.13671875 0.5828125 0.0125 0.0203125
0 0.14921875 0.571875 0.0140625 0.01875
1 0.13984375 0.66640625 0.0109375 0.015625
2 0.41484375 0.58359375 0.040625 0.134375
0 0.41015625 0.528125 0.0109375 0.0203125
1 0.40625 0.6109375 0.009375 0.0125