0 0.26875 0.9140625 0.025 0.0421875
2 0.5296875 0.584375 0.0515625 0.140625
0 0.5375 0.5265625 0.0140625 0.021875
1 0.53125 0.6171875 0.0109375 0.0140625
2 0.58359375 0.54375 0.0453125 0.125
0 0.5921875 0.49375 0.0125 0.01875
1 0.58515625 0.5671875 0.009375 0.0125
2 0.6640625 0.58203125 0.05 0.1234375
0 0.66953125 0.53203125 0.0109375 0.0171875
1 0.66875 0.6078125 0.0125 0.0140625
2 0.73515625 0.596875 0.0546875 0.13125
2 0.746875 0.534375 0.046875 0.1078125
0 0.7453125 0.54375 0.0140625 0.021875
1 0.74140625 0.6375 0.0109375 0.0140625
2 0.2703125 0.9328125 0.0703125 0.090625
2 0.8109375 0.46953125 0.0421875 0.09375
2 0.6078125 0.4765625 0.0359375 0.0984375
2 0.63359375 0.41796875 0.03125 0.08125
2 0.66015625 0.396875 0.0328125 0.0765625
2 0.684375 0.37890625 0.0296875 0.0734375
2 0.721875 0.45390625 0.0359375 0.09375
2 0.6984375 0.51484375 0.040625 0.1
0 0.81953125 0.43671875 0.0078125 0.0109375
0 0.70703125 0.4734375 0.009375 0.0125
0 0.7296875 0.415625 0.009375 0.0140625
0 0.6671875 0.36484375 0.0078125 0.0109375
0 0.6890625 0.3484375 0.00625 0.009375
0 0.6390625 0.384375 0.0078125 0.0125
0 0.615625 0.434375 0.009375 0.0140625
2 0.51328125 0.37265625 0.0296875 0.075
2 0.5703125 0.365625 0.028125 0.0734375
2 0.621875 0.34140625 0.025 0.065625
0 0.57421875 0.33515625 0.0078125 0.0109375
0 0.62578125 0.315625 0.00625 0.009375
1 0.61171875 0.49609375 0.0078125 0.0109375
1 0.7046875 0.5390625 0.009375 0.0109375
1 0.7546875 0.55703125 0.009375 0.0125
1 0.81640625 0.48984375 0.00625 0.009375
1 0.72734375 0.47109375 0.0078125 0.009375
1 0.6375 0.43203125 0.0078125 0.0078125
1 0.66484375 0.4109375 0.00625 0.0078125
1 0.68828125 0.39375 0.00625 0.0078125
0 0.75390625 0.4890625 0.0109375 0.0125
0 0.81640625 0.42890625 0.0109375 0.009375
1 0.51171875 0.3890625 0.00625 0.0078125
1 0.5703125 0.378125 0.00625 0.0078125
1 0.62421875 0.353125 0.0046875 0.00625