2 0.20546875 0.61953125 0.0875 0.1734375
0 0.1875 0.55546875 0.01875 0.028125
1 0.1984375 0.65859375 0.0140625 0.01875
2 0.42578125 0.41171875 0.0546875 0.11875
0 0.415625 0.365625 0.0125 0.01875
2 0.44140625 0.25546875 0.0375 0.0875
2 0.49375 0.21640625 0.0359375 0.08125
1 0.49765625 0.234375 0.0078125 0.009375
1 0.44453125 0.271875 0.009375 0.0125
1 0.42890625 0.45 0.0125 0.0140625
2 0.40625 0.259375 0.034375 0.078125
2 0.53359375 0.14375 0.0265625 0.0640625
2 0.5078125 0.178125 0.03125 0.0703125
2 0.3796875 0.2234375 0.0328125 0.0734375
2 0.325 0.21953125 0.03125 0.065625
1 0.5359375 0.153125 0.00625 0.0078125
1 0.5109375 0.19609375 0.0078125 0.009375
1 0.38359375 0.23671875 0.00625 0.00625
1 0.3234375 0.234375 0.00625 0.009375
0 0.31953125 0.19453125 0.0078125 0.009375
0 0.371875 0.19375 0.009375 0.0125
0 0.39765625 0.2265625 0.0078125 0.009375