2 0.215625 0.91484375 0.08125 0.1703125
2 0.3671875 0.7296875 0.0484375 0.1734375
0 0.3640625 0.65625 0.0140625 0.028125
1 0.36015625 0.7671875 0.0140625 0.021875
2 0.30234375 0.63125 0.0421875 0.1421875
0 0.29921875 0.57265625 0.0125 0.0234375
1 0.2921875 0.66484375 0.0109375 0.015625
2 0.18359375 0.55234375 0.0390625 0.121875
0 0.1796875 0.50078125 0.0109375 0.0171875
1 0.1734375 0.57734375 0.009375 0.0125
2 0.44609375 0.3921875 0.021875 0.0875
2 0.40625 0.4484375 0.028125 0.0984375
2 0.41171875 0.38359375 0.0203125 0.078125
1 0.44453125 0.40859375 0.00625 0.0078125
1 0.41015625 0.40078125 0.00625 0.009375
1 0.4015625 0.47109375 0.009375 0.009375
0 0.44453125 0.35546875 0.0078125 0.0125
0 0.409375 0.35 0.00625 0.0109375
0 0.40546875 0.40546875 0.0078125 0.0125
0 0.4015625 0.4125 0.0078125 0.0140625