2 0.6609375 0.73046875 0.0546875 0.1765625
0 0.67109375 0.6578125 0.015625 0.0265625
1 0.67265625 0.78203125 0.0140625 0.01875
2 0.60859375 0.6015625 0.046875 0.1453125
0 0.61484375 0.54140625 0.0125 0.021875
1 0.61328125 0.63125 0.0109375 0.0140625
2 0.6296875 0.54140625 0.0421875 0.134375
0 0.634375 0.48671875 0.0125 0.021875
1 0.6328125 0.57734375 0.009375 0.0125
2 0.79921875 0.546875 0.0484375 0.1296875
0 0.80703125 0.49453125 0.0125 0.0203125
1 0.81328125 0.5703125 0.009375 0.0140625
2 0.57578125 0.4625 0.03125 0.1078125
0 0.57890625 0.41953125 0.0140625 0.01875
1 0.57734375 0.496875 0.009375 0.0125