2 0.42890625 0.56796875 0.13828125 0.51953125
0 0.42890625 0.340625 0.03359375 0.06796875
1 0.38046875 0.6671875 0.03984375 0.05234375
2 0.5453125 0.4359375 0.046875 0.184375
0 0.5390625 0.35625 0.01328125 0.02578125
1 0.534375 0.471875 0.0140625 0.0171875
2 0.6078125 0.425 0.04609375 0.1578125
0 0.60546875 0.35703125 0.0140625 0.021875
1 0.59765625 0.465625 0.01328125 0.01484375
2 0.67109375 0.42578125 0.0359375 0.16171875
0 0.67265625 0.35703125 0.01328125 0.02578125
1 0.6734375 0.4515625 0.01328125 0.01484375