2 0.36171875 0.90625 0.1140625 0.1875
0 0.33828125 0.8765625 0.028125 0.046875
0 0.34609375 0.8453125 0.0328125 0.046875
2 0.19453125 0.6109375 0.075 0.165625
0 0.17578125 0.54765625 0.021875 0.0296875
1 0.184375 0.65390625 0.015625 0.01875
2 0.22734375 0.42734375 0.0578125 0.1265625
0 0.21484375 0.37890625 0.0140625 0.01875
1 0.221875 0.4515625 0.0109375 0.0140625
2 0.4671875 0.3515625 0.0484375 0.1234375
1 0.46796875 0.3765625 0.0109375 0.0125
2 0.38515625 0.23671875 0.0328125 0.08125
0 0.38046875 0.203125 0.009375 0.0125
2 0.38359375 0.29140625 0.0375 0.0953125
0 0.3765625 0.25078125 0.009375 0.0109375
2 0.30859375 0.22890625 0.03125 0.078125
0 0.3015625 0.1984375 0.00625 0.009375
1 0.38515625 0.3125 0.009375 0.0109375
1 0.30703125 0.253125 0.0078125 0.009375