2 0.3484375 0.79296875 0.1109375 0.2859375
0 0.36171875 0.68125 0.025 0.046875
1 0.3234375 0.865625 0.021875 0.0265625
2 0.44375 0.58828125 0.08125 0.209375
0 0.45703125 0.5015625 0.0171875 0.028125
1 0.425 0.6625 0.015625 0.01875
2 0.4375 0.39609375 0.053125 0.146875
2 0.4578125 0.2765625 0.0390625 0.109375
2 0.44921875 0.2484375 0.0359375 0.096875
2 0.31640625 0.25546875 0.046875 0.103125
2 0.2953125 0.1859375 0.0390625 0.0890625
0 0.4640625 0.23125 0.0109375 0.0125
0 0.45546875 0.2078125 0.0109375 0.0125
0 0.44375 0.334375 0.015625 0.0234375
0 0.31953125 0.2125 0.0109375 0.015625
0 0.31328125 0.21640625 0.0109375 0.01875
1 0.3046875 0.27734375 0.009375 0.0125
1 0.2828125 0.21171875 0.0078125 0.009375
1 0.44140625 0.27421875 0.0078125 0.009375
1 0.45 0.3015625 0.009375 0.0125
1 0.428125 0.425 0.0125 0.0140625