2 0.609375 0.47734375 0.0546875 0.16953125
2 0.87265625 0.67265625 0.08984375 0.21796875
0 0.88671875 0.578125 0.02265625 0.0265625
0 0.61484375 0.403125 0.01484375 0.02109375
1 0.90234375 0.73046875 0.01953125 0.02890625
2 0.85859375 0.403125 0.04765625 0.14140625
1 0.8734375 0.4421875 0.0125 0.0171875
1 0.625 0.5171875 0.01328125 0.01796875
2 0.41640625 0.26875 0.0328125 0.1171875
2 0.54375 0.25390625 0.03046875 0.1078125
2 0.72109375 0.228125 0.02890625 0.09765625
2 0.96953125 0.4765625 0.0609375 0.15859375
1 0.99609375 0.51484375 0.00703125 0.01484375
1 0.41640625 0.29296875 0.0078125 0.01015625
1 0.55 0.2859375 0.0078125 0.00859375
1 0.728125 0.24609375 0.00625 0.0078125
0 0.54453125 0.20703125 0.0109375 0.01328125
0 0.71796875 0.1875 0.00859375 0.0109375
0 0.86171875 0.34296875 0.0125 0.0171875
0 0.87421875 0.34453125 0.0125 0.01796875
0 0.9859375 0.4125 0.01796875 0.028125