2 0.64296875 0.60546875 0.05859375 0.2015625
0 0.65078125 0.5234375 0.01796875 0.03359375
1 0.66171875 0.65390625 0.01484375 0.0203125
2 0.68046875 0.88671875 0.08515625 0.22578125
0 0.68828125 0.7890625 0.02265625 0.03046875
2 0.49140625 0.33046875 0.02890625 0.1171875
2 0.52890625 0.39921875 0.03046875 0.134375
1 0.49453125 0.35703125 0.0078125 0.0125
1 0.534375 0.42890625 0.009375 0.01328125
0 0.5296875 0.340625 0.0109375 0.01796875
2 0.45390625 0.1796875 0.01953125 0.0796875
2 0.47890625 0.21015625 0.01953125 0.0890625
1 0.48203125 0.228125 0.00625 0.0078125
1 0.4546875 0.2046875 0.00546875 0.0078125
0 0.4546875 0.14453125 0.00546875 0.009375
0 0.478125 0.17109375 0.0078125 0.01171875