2 0.4234375 0.721875 0.08203125 0.33046875
0 0.428125 0.58359375 0.0234375 0.0484375
1 0.42265625 0.78984375 0.02578125 0.034375
2 0.9515625 0.85078125 0.096875 0.2984375
2 0.340625 0.18515625 0.04609375 0.19609375
2 0.446875 0.28203125 0.0453125 0.2171875
2 0.7984375 0.28515625 0.05390625 0.21015625
2 0.89609375 0.0859375 0.03984375 0.15234375
2 0.9265625 0.16484375 0.053125 0.1828125
1 0.340625 0.221875 0.0140625 0.0171875
1 0.45 0.32734375 0.0171875 0.02109375
1 0.81328125 0.34140625 0.0140625 0.0265625
1 0.940625 0.20546875 0.01328125 0.015625
1 0.909375 0.11796875 0.0125 0.01796875
1 0.98359375 0.9828125 0.03046875 0.034375
2 0.31328125 0.0875 0.03671875 0.1609375
1 0.315625 0.11875 0.01171875 0.01796875
0 0.33828125 0.0984375 0.01484375 0.02109375
0 0.44765625 0.18671875 0.021875 0.02421875
0 0.7984375 0.1984375 0.01484375 0.03046875
0 0.90078125 0.0234375 0.01171875 0.0171875
0 0.93359375 0.0921875 0.0171875 0.0328125
0 0.959375 0.73125 0.02890625 0.05234375