2 0.2296875 0.74921875 0.090625 0.1640625
0 0.20625 0.69296875 0.01875 0.028125
2 0.46484375 0.55 0.059375 0.1234375
0 0.4546875 0.50078125 0.0140625 0.021875
1 0.4640625 0.5734375 0.0125 0.015625
2 0.4734375 0.4578125 0.0515625 0.1046875
0 0.4640625 0.4234375 0.0109375 0.015625
1 0.47734375 0.48671875 0.009375 0.0109375
2 0.434375 0.46171875 0.046875 0.1015625
0 0.42421875 0.4234375 0.0125 0.0171875
1 0.4359375 0.48828125 0.009375 0.0109375
2 0.36015625 0.4703125 0.046875 0.096875
0 0.34921875 0.43203125 0.009375 0.015625
1 0.36015625 0.49609375 0.009375 0.0109375
2 0.23125 0.46796875 0.04375 0.090625
2 0.40546875 0.35703125 0.0328125 0.0734375
2 0.31875 0.3359375 0.028125 0.05625
2 0.28046875 0.38125 0.034375 0.075
0 0.2203125 0.4328125 0.009375 0.0140625
0 0.271875 0.353125 0.0078125 0.0125
0 0.31328125 0.31484375 0.00625 0.009375
0 0.3984375 0.32734375 0.0078125 0.0109375
1 0.40546875 0.36953125 0.00625 0.009375
1 0.31953125 0.35078125 0.00625 0.00625
1 0.2296875 0.496875 0.0078125 0.0078125