2 0.5703125 0.55703125 0.0484375 0.171875
0 0.571875 0.4859375 0.0140625 0.0234375
0 0.56640625 0.5046875 0.0140625 0.0234375
1 0.57421875 0.59609375 0.0125 0.015625
2 0.853125 0.64921875 0.06875 0.1859375
0 0.8578125 0.5734375 0.0171875 0.0328125
0 0.8734375 0.60078125 0.015625 0.028125
1 0.86953125 0.70234375 0.0140625 0.01875
2 0.91875 0.64375 0.0671875 0.1859375
0 0.934375 0.56796875 0.0171875 0.028125
0 0.9421875 0.69140625 0.0109375 0.0171875
2 0.546875 0.40625 0.0359375 0.1234375
2 0.628125 0.24609375 0.0234375 0.0828125
2 0.83203125 0.4234375 0.0578125 0.1234375
0 0.54921875 0.3546875 0.0125 0.0171875
0 0.55703125 0.36640625 0.0078125 0.015625
0 0.63046875 0.21171875 0.00625 0.0140625
0 0.8359375 0.37109375 0.0109375 0.015625