2 0.75 0.85859375 0.0734375 0.2328125
0 0.75546875 0.76328125 0.02109375 0.034375
1 0.7734375 0.94140625 0.0171875 0.025
2 0.3734375 0.29453125 0.02421875 0.0984375
1 0.371875 0.31171875 0.00703125 0.01328125
2 0.42109375 0.32265625 0.02890625 0.103125
2 0.4640625 0.409375 0.03359375 0.1296875
2 0.51484375 0.36484375 0.02734375 0.11953125
2 0.5828125 0.3609375 0.025 0.109375
2 0.55703125 0.2984375 0.025 0.0953125
2 0.74921875 0.37265625 0.034375 0.1109375
1 0.42109375 0.35234375 0.0078125 0.0109375
1 0.51796875 0.38671875 0.0078125 0.0109375
1 0.46640625 0.44375 0.01015625 0.0125
1 0.5578125 0.31875 0.0078125 0.009375
0 0.55859375 0.25546875 0.0078125 0.01015625
0 0.5859375 0.3140625 0.00859375 0.01328125
0 0.7515625 0.32734375 0.009375 0.0125
1 0.759375 0.4 0.009375 0.01171875