2 0.60390625 0.81328125 0.06875 0.27890625
0 0.6078125 0.70078125 0.01875 0.04375
1 0.6171875 0.8890625 0.01796875 0.02421875
2 0.54140625 0.59609375 0.05 0.2046875
0 0.5421875 0.50859375 0.0140625 0.02578125
1 0.5484375 0.671875 0.01328125 0.0171875
2 0.578125 0.40703125 0.03125 0.14453125
2 0.5765625 0.2859375 0.0234375 0.10625
2 0.58984375 0.259375 0.021875 0.09453125
2 0.71953125 0.2875 0.03125 0.1
2 0.7515625 0.221875 0.02578125 0.08671875
0 0.57734375 0.23984375 0.00859375 0.01171875
0 0.58984375 0.21875 0.00859375 0.01171875
0 0.58125 0.3453125 0.01171875 0.02109375
0 0.7234375 0.24453125 0.00859375 0.0140625
0 0.72890625 0.24921875 0.00859375 0.0171875
1 0.72734375 0.3109375 0.0078125 0.01171875
1 0.759375 0.24921875 0.00703125 0.00859375
1 0.59296875 0.2859375 0.00625 0.00859375
1 0.58046875 0.31171875 0.00703125 0.01171875
1 0.5828125 0.4375 0.0109375 0.01171875