2 0.7171875 0.56640625 0.08203125 0.3015625
0 0.7203125 0.43515625 0.02109375 0.03671875
1 0.73359375 0.63359375 0.01953125 0.028125
2 0.5609375 0.534375 0.07421875 0.2796875
0 0.5625 0.415625 0.02109375 0.04140625
1 0.57109375 0.6078125 0.0234375 0.02734375
2 0.43125 0.51484375 0.0734375 0.2765625
0 0.42578125 0.39765625 0.01953125 0.034375
0 0.42890625 0.42578125 0.01640625 0.03203125
1 0.4328125 0.59140625 0.01953125 0.02421875
2 0.271875 0.2875 0.0546875 0.20859375
2 0.38359375 0.29609375 0.05703125 0.21015625
2 0.2671875 0.3296875 0.0203125 0.0265625
2 0.3859375 0.34375 0.01484375 0.0203125
2 0.3828125 0.2046875 0.015625 0.0296875
2 0.26796875 0.196875 0.01640625 0.0296875