2 0.74375 0.84609375 0.134375 0.3078125
0 0.77265625 0.72734375 0.0359375 0.0578125
1 0.73828125 0.959375 0.034375 0.040625
2 0.2 0.478125 0.115625 0.2875
0 0.21484375 0.3609375 0.028125 0.0453125
1 0.175 0.53359375 0.025 0.03125
2 0.5796875 0.3921875 0.090625 0.240625
0 0.5921875 0.29296875 0.021875 0.040625
1 0.578125 0.4375 0.021875 0.028125
2 0.109375 0.16484375 0.0875 0.2046875
0 0.11953125 0.08125 0.0203125 0.03125
0 0.10390625 0.09765625 0.021875 0.0328125
1 0.0875 0.2078125 0.0171875 0.0203125
2 0.61015625 0.1609375 0.0671875 0.1796875
2 0.34375 0.109375 0.0671875 0.1734375
2 0.21015625 0.059375 0.0640625 0.11875
2 0.71328125 0.10625 0.059375 0.1640625
1 0.70859375 0.1375 0.0140625 0.015625
1 0.60390625 0.19765625 0.0140625 0.01875
1 0.328125 0.1484375 0.0140625 0.015625
1 0.19609375 0.06484375 0.0109375 0.0125
0 0.3546875 0.03671875 0.01875 0.028125
0 0.725 0.034375 0.015625 0.0171875
0 0.621875 0.0859375 0.0171875 0.0203125