2 0.625 0.85234375 0.0640625 0.2109375
1 0.6265625 0.90546875 0.015625 0.0234375
2 0.49296875 0.334375 0.0203125 0.065625
2 0.45390625 0.2890625 0.015625 0.046875
2 0.43125 0.2625 0.015625 0.0484375
2 0.4109375 0.27578125 0.0171875 0.0515625
2 0.4421875 0.28046875 0.015625 0.0484375
2 0.3328125 0.3328125 0.0265625 0.065625
2 0.35546875 0.2875 0.01875 0.0515625
0 0.49375 0.3078125 0.00625 0.0109375
0 0.45390625 0.2703125 0.0046875 0.00625
0 0.4109375 0.2546875 0.0046875 0.0078125
0 0.41171875 0.2546875 0.0046875 0.0078125
0 0.44375 0.259375 0.0046875 0.00625
0 0.43359375 0.24296875 0.0046875 0.009375
0 0.35625 0.265625 0.0046875 0.00625
0 0.3359375 0.30625 0.0046875 0.009375
0 0.35234375 0.2671875 0.0046875 0.00625
0 0.3328125 0.30390625 0.00625 0.009375
1 0.3296875 0.3453125 0.0046875 0.00625
1 0.49140625 0.3484375 0.0046875 0.00625
1 0.3515625 0.3015625 0.0046875 0.0046875
1 0.40859375 0.2859375 0.0046875 0.00625
1 0.4296875 0.27265625 0.0046875 0.00625
1 0.44140625 0.290625 0.0046875 0.0046875
1 0.45078125 0.30078125 0.0046875 0.0046875