2 0.29453125 0.74765625 0.0875 0.1984375
0 0.30703125 0.6671875 0.0203125 0.0296875
1 0.27734375 0.80546875 0.0171875 0.0234375
2 0.5953125 0.8578125 0.0984375 0.2203125
0 0.6203125 0.77578125 0.0234375 0.0359375
1 0.59296875 0.93984375 0.01875 0.0265625
2 0.5640625 0.6 0.0609375 0.14375
0 0.57734375 0.5421875 0.0140625 0.021875
1 0.56484375 0.62890625 0.0125 0.0171875
2 0.5625 0.43359375 0.04375 0.0984375
1 0.56171875 0.46015625 0.009375 0.0109375
2 0.72109375 0.4109375 0.0375 0.0796875
0 0.72890625 0.38046875 0.009375 0.0125
2 0.59375 0.4859375 0.046875 0.1078125
0 0.603125 0.44375 0.0109375 0.0171875
1 0.59453125 0.50625 0.009375 0.0125
2 0.69375 0.56328125 0.0578125 0.121875
1 0.69921875 0.5921875 0.0109375 0.0125
2 0.5328125 0.36953125 0.0359375 0.0796875
2 0.590625 0.37265625 0.03125 0.075
2 0.5578125 0.315625 0.0296875 0.0671875
1 0.53203125 0.3828125 0.0078125 0.009375
1 0.55859375 0.32734375 0.00625 0.00625
1 0.59140625 0.38828125 0.00625 0.0078125
0 0.5984375 0.340625 0.00625 0.009375
0 0.5625 0.28671875 0.00625 0.009375
0 0.565625 0.2890625 0.00625 0.009375
0 0.53828125 0.33515625 0.0078125 0.0109375