2 0.55859375 0.8171875 0.078125 0.275
0 0.56171875 0.7078125 0.0234375 0.04375
1 0.57109375 0.89765625 0.0234375 0.0359375
2 0.90546875 0.88828125 0.1171875 0.2234375
2 0.69609375 0.53671875 0.0515625 0.1875
2 0.546875 0.48125 0.0453125 0.1578125
2 0.7421875 0.45 0.0453125 0.1484375
2 0.85546875 0.4546875 0.05625 0.1515625
2 0.60078125 0.371875 0.0421875 0.121875
2 0.53203125 0.35625 0.0328125 0.125
1 0.55703125 0.525 0.0109375 0.015625
1 0.7078125 0.59453125 0.0140625 0.0171875
1 0.75078125 0.49609375 0.0109375 0.015625
1 0.87421875 0.48984375 0.0109375 0.015625
1 0.534375 0.39140625 0.0109375 0.0125
1 0.60078125 0.40078125 0.0109375 0.0140625
1 0.95 0.98828125 0.01875 0.0234375
0 0.92578125 0.8 0.0328125 0.04375
0 0.5515625 0.4140625 0.0140625 0.0234375
0 0.69921875 0.45625 0.015625 0.0296875
0 0.75 0.3859375 0.0125 0.0234375
0 0.8609375 0.3921875 0.015625 0.0234375
0 0.80703125 0.92734375 0.0265625 0.0484375
0 0.6046875 0.33125 0.0109375 0.01875
0 0.534375 0.30390625 0.0109375 0.0203125