2 0.53203125 0.4171875 0.1171875 0.2546875
0 0.55546875 0.31875 0.028125 0.0421875
1 0.52421875 0.475 0.021875 0.028125
2 0.46953125 0.16640625 0.084375 0.184375
0 0.48515625 0.09375 0.0234375 0.03125
1 0.4625 0.22421875 0.01875 0.021875
2 0.86875 0.19375 0.084375 0.1734375
0 0.88828125 0.125 0.0171875 0.025
0 0.89609375 0.1265625 0.0171875 0.0234375
1 0.871875 0.23125 0.015625 0.0203125
2 0.1515625 0.7421875 0.1609375 0.36875
2 0.57265625 0.1203125 0.078125 0.171875
0 0.59296875 0.05 0.0203125 0.0171875
1 0.5671875 0.15703125 0.01875 0.0203125