2 0.61015625 0.70703125 0.1328125 0.3390625
0 0.584375 0.57109375 0.03125 0.0515625
1 0.621875 0.77421875 0.03125 0.0375
2 0.10859375 0.88125 0.1421875 0.2375
2 0.6078125 0.1640625 0.0765625 0.2015625
2 0.51875 0.2765625 0.078125 0.221875
2 0.171875 0.334375 0.0859375 0.215625
2 0.04375 0.153125 0.0625 0.15625
2 0.03359375 0.23515625 0.0671875 0.1890625
1 0.6140625 0.2 0.0171875 0.01875
1 0.52265625 0.321875 0.0203125 0.0234375
1 0.165625 0.3921875 0.01875 0.028125
1 0.01875 0.278125 0.015625 0.0171875
1 0.0359375 0.18671875 0.015625 0.0203125
2 0.61953125 0.07265625 0.0609375 0.1453125
1 0.62265625 0.09453125 0.0140625 0.0203125
0 0.596875 0.078125 0.0171875 0.0234375
0 0.50234375 0.18203125 0.025 0.0265625
0 0.1578125 0.24921875 0.01875 0.0328125
0 0.0296875 0.0921875 0.0140625 0.01875
0 0.009375 0.1640625 0.01875 0.034375
0 0.0828125 0.8 0.0375 0.05625