2 0.853125 0.46953125 0.07265625 0.26484375
1 0.8671875 0.534375 0.01796875 0.025
0 0.85546875 0.35546875 0.0171875 0.02734375
2 0.9390625 0.65390625 0.08671875 0.31015625
1 0.953125 0.740625 0.0203125 0.03125
0 0.94921875 0.52421875 0.025 0.04453125
2 0.44375 0.146875 0.04765625 0.17734375
2 0.37421875 0.0765625 0.03203125 0.14921875
2 0.81796875 0.15078125 0.046875 0.16953125
2 0.940625 0.2171875 0.05390625 0.2078125
2 0.97109375 0.1734375 0.046875 0.1828125
1 0.37578125 0.1109375 0.0109375 0.01796875
1 0.44921875 0.1828125 0.0140625 0.01640625
1 0.8296875 0.18203125 0.01328125 0.01796875
1 0.95546875 0.26015625 0.01328125 0.01796875
1 0.98359375 0.209375 0.01328125 0.01875
0 0.97265625 0.0921875 0.0140625 0.01953125
0 0.9453125 0.1296875 0.0171875 0.02421875
0 0.95703125 0.1359375 0.0171875 0.01953125
0 0.821875 0.07578125 0.01328125 0.0203125
2 0.72265625 0.178125 0.04609375 0.11640625
0 0.72734375 0.13515625 0.015625 0.028125
0 0.4453125 0.06875 0.01328125 0.01953125
0 0.37265625 0.0109375 0.01484375 0.01953125
2 0.37265625 0.8671875 0.08359375 0.26484375
0 0.3703125 0.7609375 0.025 0.06484375