2 0.7171875 0.309375 0.0765625 0.2421875
0 0.7125 0.2078125 0.01875 0.0359375
1 0.7171875 0.35234375 0.0171875 0.025
2 0.72265625 0.765625 0.0953125 0.3546875
2 0.63203125 0.25546875 0.0484375 0.1984375
2 0.2546875 0.22265625 0.0515625 0.190625
2 0.1859375 0.265625 0.0578125 0.196875
2 0.17421875 0.1515625 0.046875 0.1625
2 0.034375 0.18671875 0.0546875 0.1890625
1 0.72109375 0.8578125 0.0265625 0.0390625
1 0.63203125 0.31640625 0.0140625 0.0265625
1 0.2484375 0.26796875 0.0140625 0.0234375
1 0.1828125 0.3140625 0.0203125 0.025
0 0.18359375 0.18125 0.0171875 0.034375
1 0.16484375 0.19140625 0.015625 0.0140625
1 0.0203125 0.2265625 0.0140625 0.01875
0 0.6328125 0.16953125 0.0171875 0.0265625
0 0.25 0.171875 0.015625 0.0234375
0 0.25390625 0.13984375 0.0140625 0.021875
0 0.17265625 0.08671875 0.0171875 0.0328125
0 0.0296875 0.1078125 0.0171875 0.028125