2 0.4171875 0.47421875 0.071875 0.15625
0 0.40078125 0.41328125 0.0140625 0.021875
1 0.42421875 0.50546875 0.0125 0.015625
2 0.621875 0.37421875 0.065625 0.1296875
0 0.60859375 0.3203125 0.0125 0.015625
1 0.63203125 0.40078125 0.0125 0.015625
2 0.77734375 0.33359375 0.078125 0.1328125
0 0.76953125 0.28203125 0.015625 0.0171875
1 0.790625 0.3578125 0.0109375 0.0125
0 0.75703125 0.80390625 0.0328125 0.0484375
2 0.32734375 0.18515625 0.0359375 0.071875
0 0.31953125 0.1578125 0.0109375 0.0125
2 0.48203125 0.15 0.034375 0.0703125
1 0.328125 0.19765625 0.00625 0.0078125
1 0.4859375 0.16796875 0.0078125 0.0109375
2 0.52890625 0.17421875 0.0390625 0.078125
1 0.53359375 0.1859375 0.0109375 0.0109375
0 0.521875 0.14296875 0.009375 0.009375
0 0.525 0.14453125 0.0078125 0.0109375
2 0.59375 0.14609375 0.0375 0.075
1 0.60078125 0.159375 0.0078125 0.009375
0 0.5875 0.115625 0.009375 0.009375
2 0.6203125 0.1890625 0.0421875 0.0859375
0 0.61484375 0.15390625 0.0109375 0.0125
1 0.62890625 0.2015625 0.0078125 0.0109375
2 0.6765625 0.1765625 0.04375 0.0890625
0 0.66953125 0.140625 0.0109375 0.015625
1 0.6859375 0.1921875 0.0078125 0.0109375
2 0.74375 0.28046875 0.053125 0.0984375