2 0.66953125 0.56875 0.25625 0.290625
0 0.6484375 0.4609375 0.0578125 0.0375
1 0.70390625 0.62578125 0.0578125 0.03125
2 0.46015625 0.671875 0.2625 0.30625
0 0.42578125 0.559375 0.0609375 0.0421875
1 0.4703125 0.73828125 0.0625 0.0328125
2 0.12890625 0.67890625 0.2484375 0.284375
0 0.078125 0.57734375 0.0578125 0.040625
1 0.11953125 0.740625 0.0578125 0.0296875
0 0.9421875 0.77890625 0.115625 0.0828125
2 0.21640625 0.18203125 0.1 0.1296875
0 0.19140625 0.13359375 0.028125 0.015625
1 0.2140625 0.2125 0.0265625 0.015625
2 0.65 0.0875 0.10625 0.1203125
1 0.66875 0.11328125 0.028125 0.0171875
0 0.646875 0.040625 0.028125 0.01875