2 0.3296875 0.353125 0.1 0.23125
0 0.31015625 0.2609375 0.021875 0.0359375
1 0.34375 0.39140625 0.021875 0.025
2 0.3046875 0.16640625 0.0765625 0.175
0 0.29140625 0.09609375 0.0171875 0.028125
1 0.31640625 0.19921875 0.015625 0.0171875
2 0.8140625 0.20625 0.1 0.221875
0 0.80390625 0.1171875 0.025 0.0359375
1 0.83984375 0.2546875 0.01875 0.0234375
2 0.83515625 0.06796875 0.0859375 0.1359375
1 0.85625 0.07421875 0.0171875 0.0171875
2 0.60859375 0.10859375 0.08125 0.1796875
1 0.6234375 0.13671875 0.01875 0.0234375
0 0.59453125 0.0359375 0.0234375 0.0296875