2 0.61796875 0.596875 0.0375 0.13828125
0 0.6203125 0.53828125 0.01015625 0.01953125
1 0.62421875 0.6421875 0.01015625 0.01328125
2 0.90234375 0.72109375 0.06875 0.18515625
0 0.90625 0.64296875 0.0171875 0.02890625
1 0.92734375 0.76640625 0.0140625 0.01796875
2 0.7375 0.51484375 0.03515625 0.1109375
0 0.740625 0.46875 0.00859375 0.01640625
1 0.746875 0.546875 0.0078125 0.0109375
2 0.8 0.5125 0.03671875 0.10625
1 0.8125 0.5328125 0.00703125 0.01171875
0 0.803125 0.46796875 0.0109375 0.0125
2 0.61953125 0.31640625 0.015625 0.059375
0 0.621875 0.29296875 0.0046875 0.0078125
1 0.6203125 0.32890625 0.0046875 0.00625
2 0.49140625 0.30703125 0.015625 0.05390625
1 0.49375 0.32421875 0.00390625 0.00546875
0 0.4921875 0.28359375 0.0046875 0.00703125