2 0.6734375 0.71328125 0.04921875 0.18046875
0 0.675 0.6375 0.015625 0.0265625
1 0.6859375 0.76640625 0.0125 0.01875
2 0.6984375 0.62734375 0.04453125 0.1546875
0 0.70390625 0.5625 0.01484375 0.02265625
1 0.71171875 0.6609375 0.01171875 0.015625
2 0.80546875 0.5921875 0.04609375 0.140625
0 0.81328125 0.534375 0.01171875 0.02265625
1 0.82109375 0.6265625 0.01015625 0.0140625
0 0.846875 0.53125 0.0125 0.0203125
2 0.84375 0.5921875 0.04921875 0.14609375
1 0.85859375 0.621875 0.009375 0.0140625
2 0.93203125 0.58125 0.0546875 0.13359375
0 0.94296875 0.52421875 0.01484375 0.02109375
1 0.95234375 0.61015625 0.01015625 0.0125