2 0.446875 0.73828125 0.08125 0.1734375
0 0.43125 0.66875 0.0171875 0.025
0 0.425 0.68671875 0.0203125 0.0296875
1 0.44609375 0.77890625 0.0171875 0.0203125
2 0.390625 0.525 0.0640625 0.1265625
2 0.5296875 0.4390625 0.0484375 0.1125
0 0.52109375 0.3953125 0.0125 0.0203125
1 0.5328125 0.46328125 0.009375 0.0109375
2 0.42890625 0.34609375 0.034375 0.0765625
0 0.4234375 0.31484375 0.0078125 0.0125
2 0.19140625 0.434375 0.046875 0.090625
2 0.271875 0.39765625 0.0375 0.08125
2 0.14453125 0.6015625 0.0671875 0.1296875
0 0.1296875 0.55078125 0.0140625 0.01875
1 0.13515625 0.6296875 0.0109375 0.0125