1 0.2625 0.94296875 0.075 0.1140625
0 0.24609375 0.9078125 0.021875 0.034375
2 0.28046875 0.68515625 0.0546875 0.1484375
0 0.26640625 0.6234375 0.0140625 0.021875
1 0.27421875 0.73125 0.0140625 0.01875
2 0.41484375 0.5671875 0.0515625 0.1421875
0 0.403125 0.5140625 0.0125 0.0140625
0 0.4046875 0.50859375 0.0125 0.0203125
1 0.41640625 0.60546875 0.0109375 0.015625
2 0.3375 0.54453125 0.0546875 0.13125
0 0.33046875 0.490625 0.0109375 0.0171875
0 0.32265625 0.4984375 0.0125 0.0171875
1 0.33359375 0.575 0.0109375 0.0140625
2 0.428125 0.48046875 0.0375 0.1140625
0 0.421875 0.44140625 0.0109375 0.015625
0 0.4203125 0.43125 0.009375 0.0140625
1 0.428125 0.50625 0.009375 0.0125