2 0.771875 0.72421875 0.04921875 0.1625
0 0.77578125 0.65625 0.0125 0.02265625
1 0.7875 0.7640625 0.01171875 0.015625
2 0.809375 0.65859375 0.05390625 0.15
0 0.81484375 0.5984375 0.0125 0.02578125
1 0.82578125 0.69921875 0.0125 0.0171875
2 0.8515625 0.6265625 0.0484375 0.14375
0 0.86484375 0.5765625 0.0125 0.01953125
0 0.85234375 0.565625 0.01328125 0.01875
1 0.86328125 0.66015625 0.01015625 0.015625
2 0.58671875 0.58203125 0.03828125 0.13359375
0 0.590625 0.5265625 0.0109375 0.0203125
1 0.5953125 0.609375 0.009375 0.0125