2 0.56484375 0.5875 0.0578125 0.146875
0 0.55703125 0.5328125 0.015625 0.0234375
0 0.553125 0.52734375 0.0140625 0.021875
1 0.5703125 0.62109375 0.0140625 0.0171875
2 0.265625 0.69375 0.078125 0.1703125
0 0.2515625 0.625 0.0171875 0.025
1 0.2609375 0.73203125 0.0140625 0.01875
2 0.31171875 0.49140625 0.053125 0.1125
0 0.30234375 0.4453125 0.0109375 0.015625
0 0.29609375 0.45 0.0109375 0.0140625
1 0.30859375 0.51484375 0.0109375 0.0109375
2 0.3953125 0.40546875 0.0390625 0.096875
0 0.3859375 0.36796875 0.009375 0.0140625
1 0.39375 0.4265625 0.0078125 0.009375
0 0.2046875 0.81796875 0.025 0.0375