2 0.5640625 0.81640625 0.07265625 0.2734375
0 0.565625 0.70703125 0.02265625 0.04375
1 0.578125 0.89609375 0.0234375 0.03515625
2 0.9125 0.88515625 0.1125 0.2296875
2 0.696875 0.53359375 0.0484375 0.18671875
2 0.546875 0.48046875 0.04296875 0.15703125
2 0.74140625 0.44609375 0.0421875 0.14765625
2 0.8546875 0.4484375 0.05390625 0.15
2 0.5984375 0.3703125 0.03984375 0.121875
2 0.5296875 0.35546875 0.03046875 0.125
1 0.5578125 0.52421875 0.0109375 0.015625
1 0.709375 0.590625 0.01328125 0.0171875
1 0.75078125 0.49140625 0.0109375 0.01484375
1 0.87421875 0.48359375 0.01015625 0.01484375
1 0.5328125 0.390625 0.01015625 0.0125
1 0.59921875 0.39921875 0.01015625 0.01328125
1 0.95859375 0.98203125 0.01796875 0.025
0 0.93125 0.7921875 0.03203125 0.04375
0 0.55 0.41328125 0.01328125 0.02265625
0 0.6984375 0.453125 0.01484375 0.02890625
0 0.74765625 0.38125 0.0125 0.02265625
0 0.859375 0.3859375 0.015625 0.0234375
0 0.8140625 0.921875 0.02578125 0.0484375
0 0.6015625 0.3296875 0.0109375 0.01875
0 0.53125 0.303125 0.0109375 0.0203125