2 0.6015625 0.721875 0.04765625 0.16640625
0 0.60234375 0.65078125 0.01328125 0.02265625
0 0.6125 0.6671875 0.01484375 0.0265625
1 0.6109375 0.76171875 0.01328125 0.01796875
2 0.6125 0.5015625 0.040625 0.1203125
2 0.45859375 0.446875 0.0265625 0.109375
0 0.4578125 0.4015625 0.009375 0.01875
1 0.46015625 0.47109375 0.00703125 0.01015625
2 0.5375 0.334375 0.01953125 0.0734375
0 0.53671875 0.303125 0.00625 0.0109375
2 0.78828125 0.371875 0.0296875 0.0859375
2 0.7015625 0.35234375 0.021875 0.07890625
2 0.86875 0.52578125 0.0421875 0.12421875
0 0.87265625 0.47265625 0.0109375 0.0171875
1 0.88359375 0.55078125 0.009375 0.0109375