2 0.70234375 0.49375 0.1015625 0.11484375
0 0.70546875 0.44609375 0.03203125 0.01796875
1 0.715625 0.52265625 0.028125 0.0125
2 0.82578125 0.41328125 0.0796875 0.09375
0 0.8296875 0.37421875 0.0265625 0.015625
1 0.84140625 0.43671875 0.0265625 0.0109375
2 0.8828125 0.34765625 0.07265625 0.0765625
0 0.896875 0.31875 0.01796875 0.01015625
0 0.88515625 0.31484375 0.01796875 0.0109375
1 0.896875 0.36640625 0.02109375 0.00859375
2 0.52578125 0.334375 0.05546875 0.0734375
0 0.525 0.30234375 0.01640625 0.01015625
1 0.5296875 0.34921875 0.01640625 0.00703125
2 0.6421875 0.3171875 0.04296875 0.0578125
2 0.70703125 0.33515625 0.04921875 0.06328125
2 0.9421875 0.31953125 0.05703125 0.0625
2 0.4328125 0.32578125 0.04765625 0.065625
0 0.64296875 0.29140625 0.0140625 0.00703125
0 0.43203125 0.29765625 0.01640625 0.00859375
0 0.709375 0.3078125 0.0234375 0.00859375
0 0.94765625 0.29296875 0.01875 0.009375
1 0.6453125 0.32734375 0.0140625 0.00625
1 0.71328125 0.34921875 0.01640625 0.00625
1 0.95390625 0.33046875 0.01484375 0.00625
2 0.77734375 0.27734375 0.05390625 0.0515625
2 0.5390625 0.2546875 0.03984375 0.03984375
0 0.7734375 0.2546875 0.01171875 0.00625