2 0.35546875 0.65546875 0.059375 0.1640625
0 0.36328125 0.58828125 0.015625 0.0265625
1 0.34609375 0.6953125 0.0125 0.0171875
2 0.80625 0.69375 0.0703125 0.1546875
0 0.8203125 0.63203125 0.0140625 0.0203125
1 0.81796875 0.73828125 0.0125 0.0171875
2 0.88671875 0.67890625 0.071875 0.1453125
0 0.90234375 0.62109375 0.015625 0.0203125
1 0.90078125 0.72734375 0.0109375 0.015625
2 0.72265625 0.50703125 0.046875 0.1140625
2 0.57734375 0.4265625 0.034375 0.0890625
2 0.66015625 0.403125 0.03125 0.0765625
2 0.71875 0.4328125 0.034375 0.08125
1 0.5765625 0.4546875 0.0078125 0.009375
1 0.6609375 0.425 0.00625 0.0078125
1 0.72265625 0.4484375 0.00625 0.0078125
1 0.72890625 0.53359375 0.0078125 0.009375
0 0.73125 0.459375 0.0109375 0.015625
0 0.58359375 0.3890625 0.0078125 0.0109375
0 0.6671875 0.37109375 0.00625 0.009375
0 0.7234375 0.3984375 0.009375 0.009375