2 0.3734375 0.8703125 0.0921875 0.2484375
0 0.37265625 0.77265625 0.025 0.04375
1 0.35078125 0.9734375 0.021875 0.0328125
2 0.53125 0.1828125 0.0296875 0.0828125
2 0.44765625 0.19609375 0.028125 0.0875
2 0.48671875 0.140625 0.0234375 0.0734375
2 0.396875 0.28359375 0.034375 0.1109375
1 0.53125 0.2015625 0.00625 0.0078125
1 0.48359375 0.15390625 0.00625 0.009375
1 0.38984375 0.31875 0.0078125 0.009375
1 0.44140625 0.21875 0.00625 0.0078125
0 0.3984375 0.23671875 0.009375 0.015625
0 0.53515625 0.15078125 0.00625 0.0109375
0 0.53203125 0.146875 0.0078125 0.009375
0 0.48828125 0.10859375 0.00625 0.009375
0 0.4484375 0.15859375 0.0078125 0.0109375