2 0.278125 0.546875 0.1078125 0.3078125
0 0.2859375 0.41640625 0.0234375 0.0390625
1 0.25546875 0.6125 0.021875 0.0296875
2 0.4359375 0.52890625 0.0984375 0.284375
0 0.4453125 0.41015625 0.025 0.04375
1 0.41953125 0.6015625 0.025 0.0296875
2 0.5671875 0.52109375 0.096875 0.28125
0 0.5828125 0.4046875 0.021875 0.0359375
0 0.57734375 0.43203125 0.01875 0.0328125
1 0.55859375 0.596875 0.021875 0.0265625
2 0.74609375 0.3078125 0.0734375 0.2125
2 0.63359375 0.30703125 0.075 0.2140625
2 0.746875 0.35078125 0.021875 0.028125
2 0.62734375 0.35390625 0.0171875 0.021875
2 0.6421875 0.21640625 0.01875 0.03125
2 0.7578125 0.21796875 0.01875 0.03125