2 0.42890625 0.81796875 0.184375 0.3625
0 0.4703125 0.68125 0.0390625 0.05625
1 0.39453125 0.91796875 0.0375 0.0421875
2 0.3875 0.409375 0.1296875 0.2734375
0 0.4109375 0.3015625 0.025 0.0359375
1 0.36171875 0.4671875 0.0234375 0.028125
2 0.58984375 0.47421875 0.1234375 0.271875
0 0.615625 0.36484375 0.0265625 0.0375
1 0.5640625 0.5390625 0.025 0.03125
2 0.81796875 0.19375 0.08125 0.1796875
2 0.7140625 0.365625 0.1109375 0.2265625
2 0.6171875 0.2640625 0.0984375 0.2
2 0.3125 0.07578125 0.090625 0.1515625
0 0.740625 0.28203125 0.0203125 0.0328125
0 0.7296875 0.2859375 0.0265625 0.0359375
0 0.6390625 0.1828125 0.021875 0.0296875
1 0.2953125 0.09375 0.0140625 0.01875
1 0.7015625 0.41640625 0.0203125 0.025
1 0.6046875 0.30234375 0.0203125 0.025