2 0.39765625 0.5296875 0.0875 0.1828125
2 0.26171875 0.68203125 0.1171875 0.2296875
2 0.60703125 0.6734375 0.1046875 0.246875
2 0.1703125 0.60625 0.1140625 0.203125
0 0.58515625 0.57578125 0.0265625 0.0390625
0 0.3796875 0.45546875 0.01875 0.0234375
0 0.2359375 0.5921875 0.0265625 0.034375
1 0.61328125 0.73671875 0.025 0.03125
0 0.37265625 0.471875 0.0203125 0.0265625
1 0.39453125 0.57421875 0.0171875 0.021875
1 0.25078125 0.75078125 0.021875 0.028125
1 0.16484375 0.6640625 0.0171875 0.0234375
0 0.15 0.525 0.0234375 0.0296875