2 0.59296875 0.596875 0.0359375 0.13671875
0 0.59453125 0.5375 0.01015625 0.01875
1 0.6 0.625 0.01015625 0.0140625
2 0.66875 0.465625 0.03203125 0.10625
0 0.67109375 0.41875 0.00859375 0.0125
1 0.67734375 0.4890625 0.0078125 0.009375
2 0.8890625 0.68515625 0.05703125 0.16328125
0 0.89609375 0.61640625 0.0140625 0.02421875
1 0.909375 0.728125 0.01171875 0.01640625
0 0.909375 0.5484375 0.01171875 0.0171875
0 0.9203125 0.55625 0.0125 0.02109375
1 0.92265625 0.65078125 0.01015625 0.01484375
0 0.59140625 0.4609375 0.00859375 0.01484375
0 0.5984375 0.4640625 0.00703125 0.0125
2 0.59140625 0.4984375 0.03125 0.09375