2 0.34140625 0.3265625 0.05390625 0.215625
2 0.60703125 0.334375 0.0578125 0.2328125
1 0.6171875 0.396875 0.0171875 0.02265625
2 0.68125 0.315625 0.053125 0.22421875
1 0.69765625 0.3921875 0.01796875 0.0234375
2 0.91640625 0.22109375 0.05859375 0.19453125
0 0.91875 0.1390625 0.01484375 0.02890625
1 0.93359375 0.259375 0.01484375 0.01875
2 0.5625 0.7859375 0.09140625 0.3515625
0 0.56328125 0.63828125 0.0265625 0.053125
1 0.575 0.8765625 0.025 0.034375
2 0.415625 0.58515625 0.0671875 0.29296875
1 0.41484375 0.67421875 0.021875 0.03984375