2 0.32109375 0.346875 0.0796875 0.2203125
2 0.5859375 0.32265625 0.0859375 0.2375
1 0.60390625 0.38359375 0.0203125 0.025
2 0.6578125 0.29453125 0.0796875 0.2296875
1 0.6828125 0.36875 0.0203125 0.025
2 0.8796875 0.17265625 0.08125 0.2
0 0.871875 0.090625 0.01875 0.03125
1 0.90078125 0.20859375 0.0171875 0.0203125
2 0.596875 0.7765625 0.1328125 0.359375
0 0.5796875 0.6296875 0.0328125 0.05625
1 0.6203125 0.86484375 0.0296875 0.0375
2 0.4265625 0.59453125 0.103125 0.2984375
1 0.43671875 0.68359375 0.0265625 0.0421875