2 0.7234375 0.65859375 0.05 0.1875
0 0.7296875 0.578125 0.015625 0.0234375
1 0.7390625 0.71171875 0.01328125 0.01875
2 0.840625 0.34609375 0.0359375 0.1109375
0 0.84375 0.3 0.0109375 0.01796875
1 0.85078125 0.37421875 0.00703125 0.01015625
2 0.76640625 0.33828125 0.03671875 0.109375
2 0.72890625 0.2578125 0.02890625 0.0953125
0 0.77109375 0.29296875 0.01015625 0.01875
1 0.77734375 0.359375 0.0078125 0.01015625
2 0.3703125 0.2515625 0.02578125 0.0984375
0 0.3703125 0.21328125 0.009375 0.0125
2 0.57734375 0.24453125 0.0234375 0.08828125
0 0.73203125 0.21875 0.0109375 0.01875
2 0.62578125 0.26796875 0.028125 0.096875
0 0.6265625 0.2328125 0.00625 0.015625
0 0.63046875 0.23515625 0.00625 0.0125
1 0.578125 0.27109375 0.0078125 0.0109375
1 0.62890625 0.28828125 0.00859375 0.01171875
1 0.73359375 0.27578125 0.009375 0.009375