2 0.83046875 0.2734375 0.07421875 0.19921875
0 0.83046875 0.19375 0.01640625 0.02890625
0 0.84296875 0.20234375 0.0171875 0.03359375
1 0.84296875 0.328125 0.0171875 0.02109375
2 0.925 0.228125 0.0578125 0.19921875
0 0.93125 0.146875 0.015625 0.03046875
1 0.94453125 0.278125 0.015625 0.02109375
2 0.8390625 0.0828125 0.0453125 0.16015625
0 0.84140625 0.01640625 0.0125 0.0234375
1 0.8484375 0.1125 0.01171875 0.01484375
2 0.38515625 0.109375 0.03984375 0.1640625
0 0.38515625 0.040625 0.0125 0.025
1 0.38828125 0.159375 0.0125 0.01796875