2 0.66796875 0.78515625 0.04921875 0.1890625
0 0.67265625 0.70546875 0.0140625 0.028125
1 0.67734375 0.85234375 0.01328125 0.01875
2 0.82734375 0.63125 0.05234375 0.140625
0 0.83359375 0.57265625 0.01171875 0.02109375
1 0.84375 0.67421875 0.01015625 0.0140625
2 0.87421875 0.59921875 0.0484375 0.125
1 0.89296875 0.62421875 0.01015625 0.01328125
0 0.87890625 0.54296875 0.01328125 0.01328125
2 0.50078125 0.33515625 0.015625 0.06171875
0 0.5015625 0.309375 0.00546875 0.00703125
2 0.63671875 0.3484375 0.02109375 0.06640625
0 0.63984375 0.3203125 0.00546875 0.00859375
1 0.503125 0.35546875 0.0046875 0.00546875
1 0.63984375 0.3625 0.0046875 0.00703125