2 0.75703125 0.32109375 0.1703125 0.1859375
0 0.753125 0.25 0.046875 0.0328125
1 0.784375 0.36171875 0.05 0.0234375
2 0.56953125 0.14140625 0.0953125 0.1296875
2 0.828125 0.1953125 0.0875 0.140625
2 0.759375 0.1125 0.0828125 0.1140625
2 0.8484375 0.0671875 0.078125 0.103125
0 0.56328125 0.0890625 0.0390625 0.0171875
0 0.7578125 0.06484375 0.0265625 0.0171875
0 0.846875 0.025 0.03125 0.0171875
1 0.76875 0.1375 0.0296875 0.0125
0 0.825 0.13515625 0.0328125 0.0203125
1 0.83828125 0.2203125 0.03125 0.0140625
1 0.57421875 0.18671875 0.0296875 0.0140625
1 0.85859375 0.08828125 0.0265625 0.0109375