2 0.27109375 0.54609375 0.1546875 0.4875
1 0.24140625 0.64921875 0.0421875 0.0515625
0 0.28125 0.33046875 0.0390625 0.0515625
0 0.34609375 0.3453125 0.0296875 0.040625
2 0.3453125 0.49140625 0.1 0.3359375
1 0.41875 0.52734375 0.0203125 0.025
2 0.4265625 0.46953125 0.0640625 0.2265625
0 0.4296875 0.3703125 0.0203125 0.0328125
0 0.446875 0.3609375 0.0171875 0.0265625
0 0.39765625 0.36875 0.015625 0.0203125
0 0.203125 0.3484375 0.015625 0.021875
2 0.20234375 0.4046875 0.0453125 0.1375
1 0.196875 0.42890625 0.0125 0.015625
2 0.48203125 0.52109375 0.115625 0.36875
1 0.4921875 0.615625 0.03125 0.0359375
0 0.49375 0.36015625 0.0296875 0.0421875