2 0.38671875 0.82109375 0.1234375 0.3578125
0 0.36875 0.678125 0.034375 0.05625
1 0.4 0.92421875 0.0296875 0.040625
2 0.253125 0.27421875 0.0625 0.2046875
2 0.34765625 0.2671875 0.0703125 0.20625
2 0.74296875 0.3625 0.096875 0.25
2 0.85 0.11640625 0.0703125 0.18125
0 0.24140625 0.1859375 0.01875 0.025
0 0.33046875 0.1828125 0.021875 0.028125
0 0.33671875 0.17890625 0.0140625 0.0265625
0 0.73984375 0.25859375 0.0203125 0.0359375
0 0.84453125 0.03984375 0.01875 0.0265625
1 0.2546875 0.3140625 0.015625 0.021875
1 0.3546875 0.309375 0.015625 0.01875
1 0.771875 0.4375 0.01875 0.028125
1 0.86484375 0.171875 0.01875 0.01875