2 0.453125 0.5984375 0.0359375 0.14375
0 0.45 0.54296875 0.0125 0.021875
0 0.453125 0.53671875 0.0109375 0.0203125
1 0.45390625 0.63203125 0.0109375 0.015625
2 0.76640625 0.6453125 0.053125 0.165625
0 0.76796875 0.575 0.0140625 0.0234375
1 0.77890625 0.68203125 0.0125 0.0171875
2 0.6828125 0.45546875 0.0359375 0.1078125
0 0.68359375 0.40859375 0.009375 0.015625
0 0.690625 0.4125 0.009375 0.0140625
1 0.69140625 0.478125 0.009375 0.0109375
2 0.58515625 0.3875 0.025 0.09375
0 0.58671875 0.3484375 0.0078125 0.0140625
1 0.590625 0.4078125 0.0078125 0.009375
0 0.85078125 0.75546875 0.0203125 0.034375