2 0.51484375 0.5078125 0.27734375 0.31640625
1 0.4203125 0.56328125 0.0734375 0.02890625
2 0.746875 0.41171875 0.08125 0.1015625
2 0.83828125 0.4234375 0.08828125 0.12265625
2 0.63046875 0.4078125 0.0859375 0.09375
1 0.6125 0.4234375 0.02578125 0.0140625
0 0.6328125 0.36953125 0.03046875 0.01015625
0 0.61328125 0.3734375 0.0234375 0.01328125
0 0.746875 0.37109375 0.034375 0.01328125
0 0.83359375 0.37109375 0.03671875 0.01328125
1 0.8296875 0.43828125 0.04375 0.0140625
1 0.72890625 0.42890625 0.04140625 0.01171875
2 0.44765625 0.4203125 0.14609375 0.12265625
0 0.43515625 0.36875 0.05546875 0.0140625
1 0.39140625 0.44140625 0.03671875 0.01796875