2 0.72109375 0.92265625 0.06484375 0.1546875
0 0.73046875 0.871875 0.01875 0.04453125
2 0.69453125 0.4796875 0.03046875 0.09921875
1 0.70390625 0.49921875 0.0078125 0.0109375
2 0.69375 0.4171875 0.02421875 0.0796875
0 0.69609375 0.43828125 0.009375 0.01328125
2 0.63515625 0.44296875 0.02265625 0.0890625
2 0.65078125 0.41328125 0.02578125 0.084375
2 0.78828125 0.4375 0.0296875 0.09140625
0 0.6375 0.40390625 0.00625 0.0109375
0 0.6515625 0.3765625 0.00625 0.01171875
0 0.6953125 0.38203125 0.00703125 0.01015625
0 0.70078125 0.384375 0.00703125 0.01015625
0 0.79140625 0.3984375 0.00625 0.0125
0 0.79921875 0.40390625 0.00859375 0.0125
1 0.6546875 0.43359375 0.0078125 0.0109375
1 0.63984375 0.46171875 0.0078125 0.01171875
1 0.79609375 0.46171875 0.00703125 0.01015625