2 0.48515625 0.81640625 0.0859375 0.3671875
0 0.48515625 0.6609375 0.0328125 0.0515625
1 0.49140625 0.91484375 0.028125 0.0375
2 0.34140625 0.55859375 0.0765625 0.3046875
0 0.3328125 0.4296875 0.021875 0.0453125
1 0.3421875 0.6296875 0.0234375 0.03125
2 0.43046875 0.3109375 0.059375 0.225
0 0.42734375 0.2171875 0.01875 0.034375
1 0.43515625 0.35625 0.0171875 0.021875
2 0.29609375 0.371875 0.05625 0.2453125
2 0.37109375 0.1265625 0.04375 0.171875
2 0.51875 0.12578125 0.0375 0.1765625
2 0.80703125 0.11640625 0.04375 0.171875
1 0.29765625 0.42265625 0.0171875 0.0234375
1 0.52265625 0.1609375 0.0140625 0.0171875
1 0.37265625 0.16640625 0.0125 0.0171875
1 0.81875 0.14609375 0.015625 0.0171875
0 0.36796875 0.05078125 0.0140625 0.0234375
0 0.51640625 0.05 0.0125 0.01875
0 0.81171875 0.0453125 0.0109375 0.0203125