2 0.20703125 0.8296875 0.08828125 0.340625
0 0.1984375 0.6875 0.028125 0.0546875
1 0.2 0.921875 0.02890625 0.0375
2 0.8 0.5203125 0.078125 0.2796875
0 0.8015625 0.40234375 0.021875 0.0421875
1 0.8171875 0.578125 0.02109375 0.028125
2 0.4359375 0.38203125 0.05859375 0.23515625
0 0.4375 0.28203125 0.0171875 0.0390625
1 0.43125 0.42734375 0.01875 0.025
2 0.93359375 0.22265625 0.06015625 0.1984375
0 0.93515625 0.13828125 0.015625 0.0296875
0 0.9484375 0.15703125 0.0171875 0.03046875
1 0.94921875 0.26796875 0.01484375 0.01875
2 0.43828125 0.14921875 0.04296875 0.17578125
2 0.709375 0.13515625 0.04453125 0.16875
2 0.8515625 0.08359375 0.04296875 0.15625
2 0.34375 0.08046875 0.03671875 0.1609375
1 0.34375 0.11171875 0.01171875 0.01484375
1 0.4390625 0.1859375 0.0125 0.01640625
1 0.71875 0.17578125 0.01171875 0.0140625
1 0.86171875 0.11171875 0.01015625 0.01171875
0 0.70859375 0.06171875 0.01484375 0.0265625
0 0.3421875 0.0078125 0.01328125 0.015625
0 0.43671875 0.07265625 0.0140625 0.01875
0 0.85546875 0.0171875 0.0125 0.0234375