2 0.35078125 0.84296875 0.04921875 0.2078125
1 0.3453125 0.8953125 0.0140625 0.02265625
2 0.51875 0.33515625 0.01640625 0.0640625
2 0.5609375 0.29296875 0.01171875 0.04609375
2 0.58515625 0.26796875 0.0125 0.04765625
2 0.6046875 0.2828125 0.01328125 0.05078125
2 0.57265625 0.28515625 0.01171875 0.0484375
2 0.678125 0.34453125 0.021875 0.0640625
2 0.65859375 0.2984375 0.01484375 0.05078125
0 0.51953125 0.30859375 0.00546875 0.01015625
0 0.56171875 0.27421875 0.00390625 0.00625
0 0.60625 0.26171875 0.00390625 0.00703125
0 0.60546875 0.26171875 0.00390625 0.00703125
0 0.57265625 0.2640625 0.0046875 0.00625
0 0.584375 0.2484375 0.00390625 0.00859375
0 0.659375 0.2765625 0.00390625 0.00625
0 0.67734375 0.31796875 0.0046875 0.009375
0 0.66328125 0.278125 0.0046875 0.00625
0 0.68046875 0.31640625 0.00546875 0.00859375
1 0.68046875 0.3578125 0.0046875 0.00625
1 0.51953125 0.34921875 0.0046875 0.00625
1 0.66171875 0.3125 0.00390625 0.0046875
1 0.60625 0.29296875 0.0046875 0.00625
1 0.5859375 0.278125 0.00390625 0.00546875
1 0.5734375 0.2953125 0.00390625 0.0046875
1 0.56328125 0.3046875 0.00390625 0.0046875