2 0.3203125 0.646875 0.18125 0.2046875
0 0.33203125 0.5734375 0.0484375 0.034375
1 0.2890625 0.6953125 0.0484375 0.0296875
2 0.6296875 0.41484375 0.0796875 0.09375
2 0.5109375 0.38828125 0.0921875 0.103125
2 0.2609375 0.353125 0.0796875 0.096875
2 0.0875 0.2890625 0.084375 0.0953125
2 0.58359375 0.3328125 0.0546875 0.0703125
2 0.07421875 0.2015625 0.0546875 0.0671875
1 0.575 0.35 0.015625 0.009375
1 0.628125 0.434375 0.0203125 0.0125
1 0.509375 0.39453125 0.0203125 0.009375
1 0.2453125 0.36875 0.021875 0.0125
1 0.06328125 0.30546875 0.0234375 0.0140625
0 0.52578125 0.35078125 0.0203125 0.0140625
0 0.64296875 0.39140625 0.0234375 0.0140625
0 0.64375 0.38359375 0.0203125 0.0125
0 0.0859375 0.253125 0.025 0.015625
0 0.06875 0.17421875 0.0125 0.009375
0 0.0625 0.17578125 0.0109375 0.009375