0 0.32109375 0.9390625 0.0203125 0.040625
2 0.53984375 0.58046875 0.034375 0.1375
0 0.540625 0.521875 0.01171875 0.0203125
1 0.5453125 0.6125 0.009375 0.01328125
2 0.58828125 0.53359375 0.03125 0.121875
0 0.590625 0.4828125 0.0109375 0.01796875
1 0.59296875 0.55625 0.00859375 0.01171875
2 0.67265625 0.56171875 0.0359375 0.11953125
0 0.671875 0.5109375 0.009375 0.015625
1 0.68046875 0.58671875 0.0109375 0.0125
2 0.7453125 0.5671875 0.03984375 0.128125
2 0.74921875 0.50390625 0.03359375 0.1046875
0 0.7484375 0.51328125 0.01171875 0.0203125
1 0.75625 0.60703125 0.009375 0.0125
2 0.325 0.9578125 0.0609375 0.08359375
2 0.8046875 0.43203125 0.03203125 0.090625
2 0.60390625 0.46328125 0.02421875 0.096875
2 0.62265625 0.40234375 0.021875 0.0796875
2 0.64609375 0.378125 0.0234375 0.075
2 0.66796875 0.35703125 0.02109375 0.07109375
2 0.71484375 0.42734375 0.025 0.09140625
2 0.6984375 0.490625 0.02890625 0.096875
0 0.809375 0.3984375 0.00625 0.01015625
0 0.70234375 0.4484375 0.00859375 0.01171875
0 0.71796875 0.38828125 0.00703125 0.01328125
0 0.64921875 0.3453125 0.00625 0.01015625
0 0.66953125 0.3265625 0.00546875 0.009375
0 0.62421875 0.36796875 0.00625 0.01171875
0 0.60703125 0.42109375 0.00859375 0.0125
2 0.49765625 0.371875 0.0203125 0.0734375
2 0.553125 0.3578125 0.01875 0.071875
2 0.6015625 0.328125 0.0171875 0.06328125
0 0.55390625 0.32734375 0.00625 0.0109375
0 0.60234375 0.3015625 0.0046875 0.009375
1 0.61015625 0.4828125 0.00703125 0.009375
1 0.7078125 0.5140625 0.0078125 0.009375
1 0.759375 0.52578125 0.0078125 0.0109375
1 0.8125 0.4515625 0.00546875 0.00859375
1 0.721875 0.44375 0.00625 0.00859375
1 0.628125 0.415625 0.00625 0.0078125
1 0.653125 0.39140625 0.00546875 0.0078125
1 0.67421875 0.371875 0.0046875 0.00703125
0 0.75078125 0.4578125 0.009375 0.01171875
0 0.80546875 0.390625 0.009375 0.00859375
1 0.4984375 0.38828125 0.00546875 0.00703125
1 0.5546875 0.3703125 0.00546875 0.00703125
1 0.60546875 0.3390625 0.0046875 0.00546875