2 0.403125 0.534375 0.0625 0.1328125
0 0.41328125 0.4828125 0.015625 0.021875
1 0.38984375 0.5609375 0.0125 0.0140625
2 0.20859375 0.41640625 0.0671875 0.1125
0 0.21796875 0.3734375 0.0109375 0.015625
0 0.21171875 0.37265625 0.009375 0.0140625
1 0.19609375 0.43671875 0.009375 0.0125
2 0.40078125 0.35859375 0.040625 0.0796875
2 0.4328125 0.3421875 0.034375 0.0734375
2 0.3890625 0.31796875 0.0390625 0.075
2 0.303125 0.31328125 0.0390625 0.075
2 0.42890625 0.3140625 0.034375 0.0703125
1 0.4265625 0.35546875 0.0078125 0.009375
1 0.3921875 0.371875 0.0078125 0.009375
1 0.38359375 0.33125 0.0078125 0.009375
1 0.4234375 0.32890625 0.00625 0.0078125
1 0.29453125 0.33125 0.0078125 0.009375
0 0.4390625 0.3125 0.0078125 0.0109375
0 0.4078125 0.3265625 0.0078125 0.0109375
0 0.39765625 0.2875 0.0078125 0.009375
0 0.39296875 0.2890625 0.0078125 0.009375
0 0.3109375 0.28359375 0.0078125 0.0109375
0 0.3046875 0.28359375 0.0078125 0.0109375