2 0.40546875 0.5953125 0.0390625 0.1375
0 0.4046875 0.5359375 0.0109375 0.01875
1 0.39765625 0.6234375 0.0109375 0.0140625
2 0.33203125 0.4625 0.034375 0.10625
0 0.33046875 0.415625 0.009375 0.0125
1 0.32265625 0.4859375 0.0078125 0.009375
2 0.1078125 0.678125 0.059375 0.1640625
0 0.1015625 0.609375 0.0140625 0.025
1 0.08671875 0.72109375 0.0125 0.0171875
0 0.08984375 0.54140625 0.0125 0.0171875
0 0.07890625 0.54921875 0.0125 0.021875
1 0.075 0.64375 0.0109375 0.015625
0 0.409375 0.459375 0.009375 0.015625
0 0.40234375 0.4625 0.0078125 0.0125
2 0.40859375 0.496875 0.0328125 0.09375