2 0.7390625 0.67265625 0.0546875 0.18984375
0 0.74609375 0.59140625 0.0140625 0.02578125
1 0.7546875 0.71875 0.01328125 0.01796875
2 0.3546875 0.30390625 0.028125 0.10625
0 0.35078125 0.26015625 0.009375 0.01328125
1 0.3515625 0.33125 0.0109375 0.01015625
2 0.77265625 0.54375 0.0453125 0.15078125
2 0.72734375 0.30546875 0.03203125 0.0953125
1 0.7328125 0.33203125 0.009375 0.01015625
1 0.784375 0.57421875 0.01171875 0.0140625
0 0.72890625 0.2640625 0.0078125 0.0140625
0 0.7359375 0.27421875 0.0078125 0.0125