2 0.5453125 0.35546875 0.03125 0.078125
1 0.54765625 0.37109375 0.00625 0.0078125
2 0.3796875 0.578125 0.0515625 0.1265625
0 0.37265625 0.5265625 0.0125 0.01875
1 0.3765625 0.60390625 0.0125 0.0140625
2 0.32890625 0.53984375 0.0484375 0.109375
0 0.31328125 0.4984375 0.0109375 0.0171875
1 0.325 0.565625 0.009375 0.0125
2 0.40703125 0.353125 0.0484375 0.0796875
2 0.36875 0.409375 0.03125 0.0875
2 0.2859375 0.484375 0.040625 0.0953125
2 0.2765625 0.43515625 0.0359375 0.0875
2 0.346875 0.38828125 0.0265625 0.0765625
2 0.3328125 0.3453125 0.028125 0.0625
2 0.37421875 0.3171875 0.025 0.05625
0 0.41015625 0.3203125 0.0078125 0.0125
0 0.3625 0.37421875 0.009375 0.0125
0 0.3421875 0.35625 0.0078125 0.0109375
0 0.32890625 0.32109375 0.00625 0.0109375
0 0.36953125 0.29609375 0.00625 0.0109375
0 0.27734375 0.44453125 0.009375 0.0140625
0 0.26796875 0.403125 0.0125 0.015625
1 0.27890625 0.50078125 0.009375 0.0109375
1 0.36796875 0.42734375 0.0078125 0.009375
1 0.34921875 0.4125 0.0078125 0.009375
1 0.3296875 0.35703125 0.00625 0.0078125
1 0.37109375 0.3296875 0.0078125 0.0078125