2 0.29375 0.6296875 0.084375 0.15625
0 0.2765625 0.5703125 0.021875 0.028125
1 0.2828125 0.66640625 0.0125 0.015625
2 0.1328125 0.67109375 0.0859375 0.146875
0 0.1109375 0.61796875 0.0171875 0.021875
1 0.12421875 0.70546875 0.0140625 0.0140625
2 0.28671875 0.5203125 0.053125 0.10625
0 0.2734375 0.47890625 0.0125 0.0171875
1 0.28359375 0.54140625 0.0125 0.0125
2 0.253125 0.51171875 0.059375 0.115625
0 0.2390625 0.46484375 0.0109375 0.0140625
1 0.24921875 0.5359375 0.009375 0.0109375
2 0.1875 0.51484375 0.0515625 0.096875
0 0.1734375 0.47734375 0.0109375 0.0125
1 0.1828125 0.53515625 0.009375 0.0109375