2 0.621875 0.69765625 0.16875 0.1953125
0 0.63515625 0.62421875 0.046875 0.03125
1 0.6359375 0.75390625 0.046875 0.0265625
2 0.4046875 0.37734375 0.0734375 0.0890625
2 0.52578125 0.390625 0.0859375 0.096875
2 0.7734375 0.4390625 0.0734375 0.0921875
2 0.95859375 0.43515625 0.078125 0.0890625
2 0.47578125 0.3140625 0.05 0.0671875
2 0.98671875 0.35703125 0.0265625 0.0640625
1 0.478125 0.33359375 0.0140625 0.009375
1 0.4 0.39609375 0.0203125 0.0109375
1 0.525 0.396875 0.01875 0.0078125
1 0.78359375 0.45859375 0.021875 0.0109375
1 0.97578125 0.45859375 0.0234375 0.0125
0 0.525 0.35 0.0203125 0.0125
0 0.4 0.35078125 0.0234375 0.0125
0 0.40234375 0.34296875 0.0203125 0.0109375
0 0.971875 0.4015625 0.025 0.0140625