2 0.36875 0.61953125 0.0796875 0.20625
0 0.35234375 0.5390625 0.021875 0.0359375
1 0.35546875 0.6703125 0.0171875 0.021875
2 0.36015625 0.89296875 0.1078125 0.2140625
0 0.34296875 0.80703125 0.025 0.0328125
2 0.490625 0.33046875 0.040625 0.1203125
2 0.4609375 0.403125 0.04375 0.1375
1 0.490625 0.35703125 0.009375 0.0125
1 0.45859375 0.4328125 0.0109375 0.0140625
0 0.45390625 0.34453125 0.0125 0.01875
2 0.5125 0.1765625 0.028125 0.08125
2 0.490625 0.209375 0.028125 0.090625
1 0.4890625 0.228125 0.0078125 0.0078125
1 0.5140625 0.2015625 0.00625 0.0078125
0 0.5078125 0.14140625 0.00625 0.009375
0 0.4875 0.1703125 0.009375 0.0125