2 0.52578125 0.684375 0.0984375 0.2140625
0 0.54765625 0.5984375 0.0203125 0.03125
1 0.509375 0.7328125 0.01875 0.0234375
2 0.328125 0.4609375 0.075 0.1546875
0 0.3390625 0.39765625 0.0171875 0.0234375
1 0.309375 0.49609375 0.0140625 0.0171875
2 0.11484375 0.43515625 0.0953125 0.1640625
0 0.11796875 0.371875 0.0203125 0.0296875
1 0.08984375 0.46953125 0.0140625 0.015625
2 0.68046875 0.234375 0.0375 0.08125
1 0.67734375 0.24921875 0.009375 0.0109375
0 0.6890625 0.20234375 0.009375 0.0125
2 0.50625 0.1890625 0.0375 0.08125
1 0.5 0.2078125 0.0078125 0.009375
2 0.45546875 0.20625 0.04375 0.08125
1 0.45 0.221875 0.009375 0.0109375
2 0.3765625 0.17421875 0.0421875 0.0875
0 0.38359375 0.140625 0.0109375 0.0140625
0 0.4640625 0.17265625 0.009375 0.0125
0 0.459375 0.17578125 0.009375 0.0140625
1 0.36953125 0.18828125 0.009375 0.0109375
2 0.33828125 0.22421875 0.0546875 0.1
0 0.3453125 0.1859375 0.0140625 0.0171875
1 0.32734375 0.240625 0.0109375 0.0140625
2 0.275 0.2125 0.0515625 0.0953125
0 0.2828125 0.17421875 0.0109375 0.015625
1 0.26171875 0.2328125 0.009375 0.0125
2 0.17109375 0.35234375 0.0703125 0.11875