2 0.334375 0.61875 0.06875 0.1515625
0 0.33984375 0.56171875 0.0140625 0.0203125
0 0.34609375 0.55625 0.0140625 0.0203125
1 0.32265625 0.65546875 0.015625 0.01875
2 0.490625 0.50546875 0.0515625 0.11875
0 0.5 0.45625 0.0125 0.01875
1 0.48671875 0.5296875 0.0109375 0.0140625
2 0.48359375 0.390625 0.0375 0.08125
0 0.49140625 0.3578125 0.0078125 0.0125
1 0.48046875 0.41015625 0.0078125 0.009375
2 0.68515625 0.44609375 0.0421875 0.0859375
0 0.69453125 0.4125 0.0078125 0.0125
0 0.69921875 0.4171875 0.009375 0.0140625
1 0.6859375 0.4640625 0.0078125 0.009375
2 0.72109375 0.440625 0.040625 0.084375
0 0.7296875 0.4078125 0.0078125 0.0125
1 0.72109375 0.46640625 0.0078125 0.009375
2 0.775 0.90859375 0.115625 0.1828125
0 0.79921875 0.8421875 0.025 0.03125
0 0.8046875 0.8640625 0.0265625 0.0359375
1 0.78359375 0.98828125 0.0203125 0.0234375
2 0.42734375 0.35078125 0.0328125 0.078125
2 0.4453125 0.40625 0.040625 0.0921875
2 0.565625 0.33359375 0.028125 0.065625
2 0.6171875 0.3359375 0.028125 0.0625
2 0.63515625 0.37578125 0.03125 0.0703125
0 0.4328125 0.31953125 0.0078125 0.0109375
0 0.4515625 0.3671875 0.009375 0.0125
0 0.57109375 0.3078125 0.00625 0.009375
0 0.6234375 0.31015625 0.00625 0.0078125
0 0.64375 0.3484375 0.0078125 0.0109375
1 0.56484375 0.34453125 0.00625 0.0078125
1 0.61796875 0.34609375 0.00625 0.0078125
1 0.6328125 0.396875 0.00625 0.009375
1 0.44140625 0.4234375 0.0078125 0.009375
1 0.4234375 0.3625 0.00625 0.009375