2 0.35390625 0.7328125 0.0703125 0.184375
0 0.34296875 0.6578125 0.01875 0.028125
1 0.34765625 0.78671875 0.0140625 0.0203125
2 0.31875 0.65078125 0.0625 0.159375
0 0.30546875 0.58671875 0.0171875 0.025
1 0.309375 0.68515625 0.0140625 0.0171875
2 0.2078125 0.62890625 0.0625 0.1453125
0 0.19296875 0.57265625 0.0140625 0.0234375
1 0.196875 0.66484375 0.0125 0.015625
0 0.159375 0.5734375 0.015625 0.021875
2 0.1703125 0.63359375 0.0671875 0.1515625
1 0.15859375 0.66484375 0.0109375 0.015625
2 0.08125 0.63359375 0.0703125 0.1390625
0 0.06328125 0.578125 0.0171875 0.0234375
1 0.0640625 0.66484375 0.0109375 0.0140625