2 0.0671875 0.68984375 0.103125 0.2171875
2 0.24453125 0.42578125 0.071875 0.1484375
0 0.25390625 0.3671875 0.015625 0.0234375
0 0.240625 0.3828125 0.015625 0.021875
1 0.228125 0.46171875 0.0125 0.015625
2 0.1828125 0.4328125 0.071875 0.153125
0 0.18515625 0.37109375 0.0171875 0.025
1 0.16171875 0.4640625 0.0125 0.015625
2 0.47265625 0.42421875 0.0609375 0.140625
0 0.48359375 0.36796875 0.0125 0.0203125
0 0.48515625 0.3828125 0.015625 0.021875
1 0.4640625 0.453125 0.0109375 0.0140625
2 0.51875 0.334375 0.0484375 0.1078125
0 0.528125 0.29140625 0.0125 0.0171875
0 0.51875 0.3 0.0109375 0.0171875
1 0.5078125 0.36171875 0.009375 0.0140625
2 0.259375 0.30078125 0.065625 0.109375
1 0.2484375 0.3234375 0.0109375 0.0140625
0 0.26484375 0.25625 0.0109375 0.0125