2 0.3125 0.77265625 0.0625 0.1921875
0 0.31328125 0.69296875 0.015625 0.0296875
1 0.2984375 0.8390625 0.0140625 0.0203125
2 0.1640625 0.6078125 0.0625 0.14375
0 0.1625 0.54921875 0.0125 0.021875
1 0.1453125 0.65 0.0109375 0.0140625
2 0.11953125 0.57265625 0.0578125 0.128125
1 0.09921875 0.596875 0.0109375 0.0140625
0 0.11875 0.51640625 0.0140625 0.0140625
2 0.5109375 0.33515625 0.0203125 0.0625
0 0.51171875 0.309375 0.00625 0.0078125
2 0.37421875 0.3390625 0.025 0.0671875
0 0.37265625 0.3109375 0.00625 0.009375
1 0.50703125 0.35546875 0.0046875 0.00625
1 0.3703125 0.353125 0.0046875 0.0078125