2 0.1234375 0.73046875 0.0859375 0.20625
0 0.1109375 0.6453125 0.0171875 0.025
1 0.10703125 0.77890625 0.015625 0.021875
2 0.4078125 0.503125 0.05 0.140625
0 0.4015625 0.44765625 0.0125 0.021875
1 0.4046875 0.5484375 0.0125 0.015625
2 0.58359375 0.18359375 0.0234375 0.0734375
2 0.55078125 0.21640625 0.028125 0.0765625
2 0.528125 0.2640625 0.03125 0.0921875
2 0.47265625 0.28125 0.0296875 0.09375
2 0.4296875 0.2828125 0.028125 0.0875
2 0.41953125 0.23515625 0.025 0.0734375
2 0.33046875 0.24453125 0.028125 0.075
0 0.425 0.2453125 0.0078125 0.0109375
0 0.415625 0.2046875 0.0078125 0.0109375
0 0.3265625 0.21328125 0.0078125 0.0125
1 0.584375 0.1953125 0.00625 0.0078125
1 0.55234375 0.2375 0.0046875 0.00625
1 0.528125 0.2859375 0.00625 0.0078125
1 0.47265625 0.29921875 0.0078125 0.009375
1 0.3265625 0.26171875 0.00625 0.0078125