2 0.4515625 0.59765625 0.03359375 0.14375
0 0.44921875 0.5421875 0.0125 0.02109375
0 0.45234375 0.5359375 0.0109375 0.01953125
1 0.4515625 0.63125 0.0109375 0.01484375
2 0.7640625 0.65 0.05078125 0.1640625
0 0.76640625 0.5796875 0.01328125 0.02265625
1 0.77578125 0.68671875 0.01171875 0.01640625
2 0.68359375 0.45859375 0.034375 0.1078125
0 0.68515625 0.41171875 0.00859375 0.01484375
0 0.6921875 0.415625 0.00859375 0.01328125
1 0.69140625 0.48125 0.009375 0.01015625
2 0.58671875 0.3890625 0.0234375 0.09375
0 0.5890625 0.35 0.0078125 0.01328125
1 0.5921875 0.409375 0.00703125 0.00859375
0 0.84609375 0.76171875 0.01953125 0.034375