2 0.67734375 0.55703125 0.0625 0.1421875
0 0.66875 0.4984375 0.0140625 0.0203125
1 0.6921875 0.58984375 0.0125 0.015625
2 0.72421875 0.4734375 0.0578125 0.1265625
0 0.71953125 0.42109375 0.0125 0.015625
1 0.73828125 0.49765625 0.0109375 0.0140625
2 0.77890625 0.46796875 0.0546875 0.11875
0 0.7765625 0.4203125 0.0140625 0.0203125
1 0.7921875 0.48984375 0.0109375 0.0140625
2 0.66171875 0.44375 0.046875 0.109375
0 0.65625 0.39921875 0.0125 0.0171875
1 0.67109375 0.4671875 0.0109375 0.0125
2 0.88046875 0.42890625 0.053125 0.1171875
0 0.87734375 0.38125 0.0109375 0.015625
1 0.896875 0.45078125 0.0125 0.0125
0 0.76796875 0.35078125 0.0109375 0.0140625