2 0.6453125 0.68125 0.14765625 0.178125
0 0.64921875 0.60703125 0.04375 0.0265625
1 0.665625 0.73515625 0.04453125 0.02109375
2 0.390625 0.38984375 0.0640625 0.08203125
2 0.5125 0.38828125 0.075 0.0890625
2 0.7640625 0.40625 0.0640625 0.08515625
2 0.94765625 0.3796875 0.06875 0.08203125
2 0.453125 0.31875 0.0421875 0.06328125
2 0.978125 0.296875 0.04375 0.05859375
1 0.4578125 0.3375 0.0140625 0.00703125
1 0.38828125 0.409375 0.01953125 0.00859375
1 0.5125 0.39453125 0.01875 0.00625
1 0.7765625 0.42421875 0.02109375 0.00859375
1 0.9671875 0.40078125 0.021875 0.009375
0 0.50625 0.3484375 0.01875 0.01015625
0 0.3828125 0.3640625 0.021875 0.009375
0 0.38359375 0.35625 0.01875 0.00859375
0 0.95625 0.34453125 0.0234375 0.01171875
0 0.98984375 0.27109375 0.01171875 0.0078125
0 0.9953125 0.27421875 0.009375 0.00703125