2 0.6125 0.696875 0.0953125 0.334375
0 0.615625 0.5578125 0.02421875 0.0515625
1 0.62890625 0.778125 0.02578125 0.03125
2 0.315625 0.4671875 0.0609375 0.265625
0 0.31171875 0.35546875 0.0203125 0.03984375
1 0.31484375 0.5234375 0.0203125 0.0265625
2 0.43984375 0.69609375 0.0734375 0.31796875
1 0.44453125 0.78828125 0.02421875 0.03671875
2 0.3234375 0.2375 0.04375 0.1921875
1 0.32265625 0.275 0.01328125 0.0234375
2 0.39375 0.13828125 0.04921875 0.1640625
1 0.3921875 0.1890625 0.0140625 0.02421875
2 0.70078125 0.0859375 0.040625 0.1546875
1 0.70546875 0.11015625 0.0125 0.0171875
2 0.790625 0.0859375 0.05 0.16953125
1 0.7984375 0.11640625 0.01328125 0.01953125
2 0.88046875 0.14921875 0.05546875 0.17109375
1 0.89453125 0.18671875 0.01171875 0.0171875
0 0.4375 0.5546875 0.02578125 0.034375
0 0.8828125 0.0734375 0.0140625 0.0265625
0 0.3875 0.07109375 0.0109375 0.0203125
0 0.38984375 0.0625 0.01171875 0.01953125
0 0.7 0.01640625 0.0125 0.02109375
0 0.78984375 0.0109375 0.01171875 0.01875
0 0.8015625 0.0125 0.01484375 0.01796875