2 0.92578125 0.61796875 0.10625 0.2109375
0 0.9140625 0.5328125 0.0203125 0.0265625
1 0.9546875 0.66015625 0.0171875 0.0234375
2 0.58984375 0.478125 0.0625 0.1421875
0 0.58046875 0.42265625 0.0140625 0.0234375
1 0.6046875 0.5203125 0.0140625 0.015625
2 0.33203125 0.21875 0.0296875 0.075
2 0.3734375 0.24140625 0.034375 0.078125
2 0.4078125 0.28046875 0.040625 0.09375
2 0.465625 0.28203125 0.0390625 0.09375
2 0.50703125 0.271875 0.0359375 0.0875
2 0.50390625 0.22265625 0.0328125 0.075
2 0.59296875 0.20703125 0.034375 0.0765625
0 0.5015625 0.234375 0.009375 0.0109375
0 0.5 0.19296875 0.0078125 0.0125
0 0.5875 0.1765625 0.0078125 0.0140625
1 0.334375 0.23046875 0.0078125 0.0078125
1 0.37734375 0.26171875 0.00625 0.00625
1 0.4140625 0.3015625 0.0078125 0.009375
1 0.4703125 0.29921875 0.009375 0.009375
1 0.6015625 0.2234375 0.00625 0.0078125