2 0.5234375 0.8109375 0.1109375 0.3765625
0 0.53359375 0.65625 0.0328125 0.05625
1 0.50390625 0.9140625 0.028125 0.040625
2 0.67890625 0.58359375 0.0921875 0.2859375
0 0.67890625 0.475 0.0328125 0.0484375
0 0.69140625 0.4625 0.0234375 0.0375
1 0.67109375 0.65390625 0.025 0.0328125
2 0.54140625 0.42578125 0.0765625 0.2484375
0 0.5484375 0.321875 0.021875 0.03125
1 0.53203125 0.4796875 0.021875 0.0265625
2 0.23125 0.753125 0.121875 0.359375
0 0.23671875 0.60078125 0.03125 0.0515625
1 0.2046875 0.84140625 0.0265625 0.0359375
2 0.1546875 0.21484375 0.0625 0.2109375
2 0.7609375 0.2796875 0.0640625 0.2140625
2 0.565625 0.09921875 0.0484375 0.15625
0 0.57109375 0.03515625 0.0109375 0.01875
0 0.15703125 0.13125 0.01875 0.0328125
1 0.559375 0.1390625 0.0109375 0.01875
1 0.13984375 0.25625 0.015625 0.0296875