2 0.634375 0.575 0.0390625 0.134375
0 0.634375 0.51875 0.0109375 0.02109375
0 0.64375 0.53203125 0.009375 0.015625
1 0.640625 0.60703125 0.01015625 0.01328125
2 0.80703125 0.55546875 0.04765625 0.128125
2 0.940625 0.51328125 0.04609375 0.12578125
2 0.77421875 0.48828125 0.03359375 0.11015625
2 0.60703125 0.346875 0.0203125 0.07734375
2 0.68046875 0.32265625 0.021875 0.07734375
1 0.6109375 0.3625 0.00625 0.0078125
1 0.68515625 0.33671875 0.0046875 0.00703125
1 0.815625 0.5828125 0.009375 0.0109375
1 0.784375 0.51015625 0.0078125 0.009375
1 0.95625 0.53046875 0.00859375 0.01171875
0 0.778125 0.4390625 0.00859375 0.0125
0 0.953125 0.459375 0.0109375 0.01640625