2 0.8703125 0.86484375 0.06875 0.2046875
1 0.89375 0.92890625 0.015625 0.01875
0 0.8796875 0.78046875 0.0171875 0.03125
2 0.73984375 0.57265625 0.040625 0.1328125
0 0.7453125 0.5171875 0.01171875 0.01953125
1 0.7515625 0.61875 0.00859375 0.0125
2 0.77890625 0.5359375 0.04296875 0.1234375
0 0.78203125 0.48359375 0.0109375 0.01796875
1 0.7875 0.56640625 0.009375 0.0125
2 0.80234375 0.45234375 0.0375 0.09921875
0 0.81015625 0.4125 0.00859375 0.01484375
0 0.803125 0.4109375 0.00859375 0.01484375
1 0.81015625 0.47421875 0.0078125 0.01015625
2 0.42890625 0.5328125 0.03046875 0.1296875
0 0.428125 0.47890625 0.01015625 0.0203125
1 0.4296875 0.5609375 0.00859375 0.0125
2 0.66875 0.465625 0.0328125 0.10390625
2 0.709375 0.41875 0.02734375 0.0890625
2 0.7203125 0.3375 0.0203125 0.071875
0 0.72265625 0.30703125 0.00625 0.0109375
0 0.6703125 0.41875 0.0078125 0.0140625
0 0.6734375 0.43203125 0.009375 0.0140625
1 0.715625 0.44609375 0.00625 0.01015625
1 0.67421875 0.484375 0.00859375 0.01015625
1 0.7265625 0.3484375 0.0046875 0.00625