2 0.43125 0.63359375 0.115625 0.309375
0 0.45234375 0.50546875 0.028125 0.0390625
1 0.43125 0.69140625 0.0265625 0.0328125
2 0.34140625 0.3640625 0.0921875 0.24375
0 0.34921875 0.265625 0.021875 0.0375
1 0.328125 0.43203125 0.021875 0.028125
2 0.56875 0.38046875 0.090625 0.228125
0 0.590625 0.28828125 0.0234375 0.0359375
0 0.5828125 0.2828125 0.0171875 0.0265625
1 0.56796875 0.428125 0.0203125 0.025
2 0.75625 0.3625 0.0921875 0.234375
0 0.7734375 0.26796875 0.0234375 0.0375
1 0.765625 0.41328125 0.01875 0.025