2 0.23203125 0.4453125 0.0375 0.1046875
2 0.40078125 0.4640625 0.0984375 0.221875
2 0.30703125 0.540625 0.1703125 0.403125
1 0.30625 0.6265625 0.0421875 0.0484375
0 0.26484375 0.3734375 0.0359375 0.0484375
0 0.3140625 0.37109375 0.0296875 0.04375
2 0.34140625 0.49140625 0.1046875 0.2953125
1 0.390625 0.5234375 0.0234375 0.028125
0 0.3828125 0.37265625 0.021875 0.028125
2 0.49609375 0.4890625 0.1390625 0.340625
1 0.52734375 0.5671875 0.034375 0.040625
0 0.465625 0.34375 0.0296875 0.0359375
0 0.4421875 0.35078125 0.021875 0.0296875
0 0.43125 0.35390625 0.015625 0.021875
2 0.2109375 0.45390625 0.05 0.125
0 0.19609375 0.40546875 0.0125 0.0171875
1 0.21015625 0.47578125 0.0140625 0.015625
1 0.2359375 0.47421875 0.0125 0.0140625
0 0.22265625 0.40078125 0.009375 0.0125