2 0.55625 0.6390625 0.090625 0.3046875
0 0.546875 0.509375 0.025 0.0375
1 0.5515625 0.696875 0.0234375 0.03125
2 0.66953125 0.378125 0.071875 0.240625
0 0.67109375 0.2796875 0.01875 0.0359375
1 0.67734375 0.446875 0.0203125 0.0265625
2 0.4421875 0.375 0.071875 0.225
0 0.428125 0.28125 0.021875 0.034375
0 0.43671875 0.2765625 0.0140625 0.025
1 0.4390625 0.42265625 0.01875 0.0234375
2 0.25703125 0.340625 0.0734375 0.23125
0 0.24765625 0.24453125 0.0203125 0.0359375
1 0.24296875 0.390625 0.0171875 0.0234375