2 0.8890625 0.76875 0.06484375 0.20859375
2 0.76484375 0.47578125 0.04609375 0.1421875
0 0.7671875 0.41640625 0.0125 0.02109375
0 0.77734375 0.434375 0.01171875 0.0203125
1 0.77421875 0.5140625 0.01015625 0.01328125
2 0.82421875 0.49453125 0.0453125 0.14765625
0 0.83359375 0.43359375 0.0125 0.0234375
1 0.8390625 0.52890625 0.01015625 0.0140625
2 0.54140625 0.43046875 0.0359375 0.1359375
0 0.54140625 0.3734375 0.009375 0.01953125
0 0.53671875 0.3875 0.01171875 0.01953125
1 0.54453125 0.4609375 0.009375 0.0125
2 0.51328125 0.33359375 0.02890625 0.1046875
0 0.5125 0.28984375 0.009375 0.015625
0 0.51953125 0.3 0.00859375 0.015625
1 0.51875 0.3625 0.0078125 0.0125
2 0.77421875 0.35 0.04765625 0.10234375
1 0.78046875 0.375 0.009375 0.01171875
0 0.77734375 0.30546875 0.00859375 0.01171875