2 0.8125 0.8484375 0.084375 0.1953125
0 0.82578125 0.77109375 0.0203125 0.0328125
1 0.8328125 0.90234375 0.0171875 0.021875
2 0.57421875 0.5984375 0.046875 0.1328125
0 0.578125 0.5453125 0.0140625 0.0234375
1 0.5796875 0.6265625 0.0109375 0.0140625
2 0.65546875 0.49140625 0.0390625 0.1046875
0 0.6609375 0.45234375 0.009375 0.0171875
1 0.6578125 0.515625 0.009375 0.0109375
2 0.44765625 0.42265625 0.0328125 0.0984375
0 0.45078125 0.3828125 0.009375 0.015625
1 0.44453125 0.44453125 0.0078125 0.009375
2 0.4 0.40703125 0.0296875 0.0859375
0 0.40234375 0.37109375 0.0078125 0.009375
0 0.40078125 0.371875 0.0078125 0.0125
1 0.39765625 0.42734375 0.0078125 0.009375