2 0.8390625 0.61875 0.0515625 0.14375
0 0.84375 0.5578125 0.0140625 0.02265625
1 0.853125 0.6484375 0.0109375 0.0140625
2 0.66953125 0.50546875 0.03359375 0.1109375
0 0.67265625 0.4609375 0.01015625 0.01875
1 0.67890625 0.53125 0.00859375 0.0109375
2 0.51484375 0.4171875 0.02265625 0.08671875
0 0.515625 0.38046875 0.00703125 0.01328125
1 0.51875 0.43359375 0.00625 0.00859375
2 0.6015625 0.36953125 0.02109375 0.078125
2 0.45859375 0.31328125 0.01640625 0.065625
2 0.40390625 0.33828125 0.01875 0.06640625
0 0.4015625 0.309375 0.00546875 0.00859375
0 0.40390625 0.3078125 0.0046875 0.00859375
0 0.4578125 0.28515625 0.00546875 0.00859375
1 0.45546875 0.32734375 0.0046875 0.00625
1 0.403125 0.353125 0.00546875 0.00703125
0 0.60234375 0.3390625 0.00703125 0.01171875
0 0.60234375 0.334375 0.00703125 0.0078125
1 0.60390625 0.38671875 0.0046875 0.00703125