2 0.75546875 0.50625 0.0640625 0.128125
0 0.75 0.45546875 0.0140625 0.0171875
1 0.7734375 0.52734375 0.0109375 0.0140625
2 0.6609375 0.47421875 0.046875 0.10625
0 0.65546875 0.4296875 0.0125 0.0171875
1 0.67265625 0.49453125 0.009375 0.0109375
2 0.82265625 0.42421875 0.05625 0.10625
0 0.81640625 0.38359375 0.0109375 0.0171875
0 0.82578125 0.3859375 0.0125 0.01875
1 0.83671875 0.453125 0.009375 0.0125
2 0.50390625 0.384375 0.0359375 0.0859375
2 0.67421875 0.43515625 0.0484375 0.103125
2 0.7203125 0.4296875 0.053125 0.1078125
0 0.66875 0.39375 0.0125 0.01875
0 0.49765625 0.35078125 0.009375 0.0109375
0 0.71328125 0.38515625 0.0109375 0.0140625
0 0.721875 0.38828125 0.0125 0.0140625
1 0.6859375 0.459375 0.009375 0.0125
1 0.73203125 0.44921875 0.0109375 0.0125
1 0.5078125 0.39921875 0.0078125 0.009375