2 0.6328125 0.575 0.0609375 0.1421875
0 0.625 0.5171875 0.0140625 0.0203125
1 0.646875 0.61875 0.0125 0.0140625
2 0.934375 0.64765625 0.1 0.19375
0 0.925 0.5703125 0.021875 0.03125
1 0.9671875 0.68828125 0.0171875 0.0203125
2 0.73671875 0.4734375 0.053125 0.115625
0 0.73125 0.42734375 0.0109375 0.0171875
1 0.7515625 0.503125 0.009375 0.0125
2 0.79765625 0.46015625 0.0546875 0.1109375
1 0.81328125 0.478125 0.009375 0.0125
0 0.79296875 0.415625 0.0125 0.0140625
2 0.5859375 0.2984375 0.025 0.0609375
0 0.584375 0.275 0.00625 0.0078125
1 0.5890625 0.3109375 0.00625 0.00625
2 0.4578125 0.31171875 0.025 0.05625
1 0.46328125 0.328125 0.0046875 0.00625
0 0.4546875 0.28828125 0.00625 0.0078125