2 0.46015625 0.809375 0.0921875 0.3734375
0 0.4578125 0.6546875 0.03125 0.0546875
1 0.47421875 0.91328125 0.0265625 0.0390625
2 0.3171875 0.57421875 0.078125 0.2828125
0 0.32265625 0.465625 0.0296875 0.046875
0 0.3109375 0.45234375 0.0203125 0.0375
1 0.32109375 0.64453125 0.0234375 0.0328125
2 0.4625 0.42421875 0.0640625 0.2453125
0 0.4609375 0.31953125 0.0203125 0.03125
1 0.46875 0.478125 0.0203125 0.0265625
2 0.75546875 0.76640625 0.103125 0.35625
0 0.7578125 0.6140625 0.028125 0.05
1 0.77734375 0.85625 0.025 0.034375
2 0.859375 0.23359375 0.0515625 0.209375
2 0.2515625 0.26640625 0.053125 0.2125
2 0.45546875 0.09609375 0.040625 0.1546875
0 0.45390625 0.03203125 0.0109375 0.01875
0 0.86171875 0.15 0.0171875 0.0328125
1 0.459375 0.13671875 0.0109375 0.01875
1 0.87265625 0.27578125 0.0140625 0.028125