2 0.72578125 0.2828125 0.190625 0.2046875
0 0.7109375 0.21328125 0.05 0.0375
1 0.759375 0.31953125 0.0515625 0.028125
2 0.5125 0.13515625 0.1109375 0.1390625
2 0.7765625 0.14765625 0.103125 0.15
2 0.6953125 0.0765625 0.096875 0.1234375
2 0.7765625 0.03671875 0.090625 0.0734375
0 0.4984375 0.084375 0.040625 0.021875
0 0.68671875 0.0296875 0.028125 0.0203125
1 0.70859375 0.1 0.03125 0.015625
0 0.7640625 0.0890625 0.0359375 0.025
1 0.790625 0.1703125 0.03125 0.0171875
1 0.52421875 0.17890625 0.03125 0.01875
1 0.78984375 0.0375 0.028125 0.0140625