2 0.69375 0.65859375 0.075 0.2203125
0 0.69296875 0.5640625 0.015625 0.02421875
0 0.7015625 0.5796875 0.0140625 0.02578125
1 0.70703125 0.71875 0.01640625 0.021875
2 0.77265625 0.66953125 0.07265625 0.21484375
0 0.7796875 0.58046875 0.01796875 0.02890625
1 0.79765625 0.72890625 0.0140625 0.01953125
2 0.63046875 0.84375 0.08046875 0.271875
0 0.63515625 0.73125 0.021875 0.0390625
0 0.646875 0.76875 0.02265625 0.04765625
0 0.60078125 0.921875 0.0296875 0.05234375
0 0.62265625 0.9625 0.028125 0.05078125
1 0.64375 0.92734375 0.021875 0.0296875