2 0.4046875 0.659375 0.08125 0.2140625
0 0.4171875 0.571875 0.01875 0.03125
1 0.4 0.71015625 0.0171875 0.0234375
2 0.67265625 0.53125 0.0625 0.153125
0 0.6875 0.46875 0.015625 0.021875
1 0.67734375 0.57109375 0.0125 0.015625
2 0.8796875 0.590625 0.0828125 0.1609375
0 0.9015625 0.53125 0.01875 0.028125
1 0.88984375 0.63203125 0.0125 0.015625
2 0.4375 0.18515625 0.03125 0.0796875
1 0.434375 0.2 0.0078125 0.0109375
0 0.4421875 0.15234375 0.009375 0.0125
2 0.615625 0.21171875 0.03125 0.0796875
1 0.6140625 0.23125 0.0078125 0.009375
2 0.65546875 0.246875 0.0375 0.08125
1 0.6546875 0.26328125 0.0078125 0.0109375
2 0.740625 0.2484375 0.0359375 0.0859375
0 0.74765625 0.21484375 0.0109375 0.0140625
0 0.6609375 0.21328125 0.0078125 0.0125
0 0.6640625 0.2171875 0.009375 0.0140625
1 0.7421875 0.2640625 0.009375 0.0109375
2 0.75625 0.309375 0.046875 0.0984375
0 0.76484375 0.27109375 0.0125 0.0171875
1 0.76015625 0.328125 0.0109375 0.0140625
2 0.81875 0.3234375 0.04375 0.09375
0 0.82734375 0.28515625 0.009375 0.015625
1 0.82421875 0.346875 0.0078125 0.0125
2 0.86015625 0.4921875 0.0625 0.1171875