2 0.28359375 0.81640625 0.090625 0.1953125
0 0.26484375 0.73984375 0.0234375 0.03125
1 0.278125 0.86640625 0.0171875 0.021875
2 0.28359375 0.61171875 0.065625 0.128125
0 0.2671875 0.5625 0.0140625 0.0203125
1 0.27578125 0.6453125 0.0125 0.015625
2 0.48359375 0.4515625 0.0453125 0.1
0 0.4734375 0.41171875 0.0109375 0.015625
1 0.48203125 0.4703125 0.009375 0.0109375
2 0.371875 0.421875 0.040625 0.0890625
0 0.3625 0.38671875 0.009375 0.0140625
1 0.371875 0.4421875 0.0078125 0.009375
2 0.25546875 0.41875 0.0375 0.0796875
2 0.4453125 0.3890625 0.0359375 0.0796875
1 0.44609375 0.41015625 0.0078125 0.0078125
2 0.41328125 0.31484375 0.0265625 0.0625
1 0.4125 0.32578125 0.00625 0.00625
2 0.32890625 0.30703125 0.0234375 0.0484375
1 0.3296875 0.321875 0.00625 0.00625
0 0.43828125 0.35703125 0.0078125 0.0125
0 0.40703125 0.28984375 0.00625 0.009375
0 0.32421875 0.2890625 0.00625 0.009375
2 0.29765625 0.3421875 0.028125 0.0625
0 0.28984375 0.3171875 0.00625 0.009375