2 0.61953125 0.7984375 0.075 0.196875
0 0.63203125 0.71875 0.01875 0.0296875
1 0.6171875 0.859375 0.015625 0.0234375
2 0.29921875 0.8109375 0.084375 0.21875
0 0.3 0.725 0.0203125 0.034375
1 0.27578125 0.88984375 0.0171875 0.025
2 0.4078125 0.575 0.0515625 0.1421875
0 0.4140625 0.51640625 0.0125 0.021875
1 0.3984375 0.60234375 0.0125 0.015625
2 0.46171875 0.4171875 0.0375 0.0984375
1 0.453125 0.44296875 0.009375 0.0109375
2 0.3171875 0.346875 0.03125 0.0796875
0 0.31953125 0.315625 0.0078125 0.0109375
2 0.415625 0.45703125 0.040625 0.1078125
0 0.41953125 0.41484375 0.0109375 0.0171875
1 0.40859375 0.4765625 0.009375 0.0125
2 0.29609375 0.5 0.05 0.1203125
1 0.28203125 0.52578125 0.009375 0.0125
2 0.509375 0.365625 0.0296875 0.0796875
2 0.453125 0.35078125 0.0265625 0.075
2 0.5015625 0.30625 0.025 0.0671875
1 0.50546875 0.37890625 0.0078125 0.0078125
1 0.496875 0.31796875 0.0046875 0.00625
1 0.44765625 0.36484375 0.00625 0.00625
0 0.45546875 0.31796875 0.00625 0.009375
0 0.50703125 0.278125 0.00625 0.009375
0 0.50234375 0.27890625 0.00625 0.0078125
0 0.5140625 0.33203125 0.0078125 0.0109375