2 0.40078125 0.2984375 0.0953125 0.23125
0 0.41875 0.20546875 0.021875 0.0359375
1 0.3984375 0.33828125 0.021875 0.025
2 0.45078125 0.11640625 0.0734375 0.175
0 0.465625 0.046875 0.0171875 0.028125
1 0.4484375 0.1515625 0.015625 0.0171875
2 0.90390625 0.35234375 0.096875 0.221875
0 0.92890625 0.26640625 0.0234375 0.0359375
1 0.90859375 0.40703125 0.01875 0.0234375
2 0.97265625 0.21171875 0.0546875 0.1828125
1 0.9921875 0.24765625 0.015625 0.0171875
2 0.753125 0.18203125 0.078125 0.1796875
1 0.75546875 0.2140625 0.0171875 0.021875
0 0.76875 0.109375 0.0234375 0.0296875