2 0.5375 0.25546875 0.1015625 0.2140625
0 0.5140625 0.17109375 0.021875 0.0296875
1 0.5515625 0.31875 0.0203125 0.0234375
2 0.0640625 0.56015625 0.128125 0.2640625
0 0.028125 0.4609375 0.03125 0.0421875
0 0.015625 0.47734375 0.03125 0.0453125
1 0.0546875 0.625 0.0265625 0.028125
2 0.0265625 0.2953125 0.053125 0.19375
1 0.00390625 0.33203125 0.0078125 0.0203125
2 0.07890625 0.19921875 0.0875 0.1671875
0 0.0609375 0.1359375 0.01875 0.0265625
0 0.05078125 0.1375 0.0171875 0.0265625
1 0.078125 0.234375 0.015625 0.01875