2 0.61484375 0.6390625 0.084375 0.1953125
0 0.603125 0.559375 0.01875 0.0265625
1 0.63359375 0.68203125 0.0171875 0.021875
2 0.38984375 0.35078125 0.046875 0.11875
1 0.39375 0.3734375 0.0109375 0.015625
0 0.37890625 0.30078125 0.0109375 0.0171875
2 0.58671875 0.3109375 0.0453125 0.1078125
1 0.59453125 0.33515625 0.009375 0.015625
0 0.58046875 0.2671875 0.0125 0.0140625
2 0.70859375 0.26953125 0.053125 0.1078125
2 0.690625 0.23203125 0.0375 0.078125
0 0.70546875 0.228125 0.0109375 0.0171875
1 0.71796875 0.29140625 0.009375 0.0125
2 0.646875 0.1515625 0.034375 0.078125
0 0.64296875 0.12265625 0.0078125 0.0140625
1 0.65390625 0.16875 0.0078125 0.0109375
2 0.59765625 0.16015625 0.0328125 0.078125
0 0.59453125 0.13125 0.009375 0.0140625