2 0.14765625 0.578125 0.1171875 0.2140625
2 0.1671875 0.4546875 0.09375 0.1609375
0 0.16015625 0.4921875 0.0234375 0.028125
1 0.12578125 0.61640625 0.015625 0.021875
2 0.25546875 0.746875 0.1171875 0.2546875
2 0.4625 0.4578125 0.0734375 0.159375
2 0.390625 0.41796875 0.06875 0.1515625
2 0.24765625 0.4265625 0.078125 0.175
2 0.04609375 0.42421875 0.0921875 0.1734375
2 0.53828125 0.3421875 0.053125 0.1265625
2 0.50625 0.31171875 0.0515625 0.1171875
2 0.5484375 0.22890625 0.0390625 0.09375
2 0.49375 0.20390625 0.040625 0.0921875
2 0.30625 0.25078125 0.0515625 0.1078125
2 0.28515625 0.2125 0.05 0.103125
2 0.25625 0.1921875 0.046875 0.09375
2 0.21640625 0.23515625 0.0546875 0.1171875
2 0.17734375 0.3546875 0.0703125 0.140625
2 0.3578125 0.16875 0.040625 0.090625
1 0.54296875 0.25 0.0078125 0.0109375
1 0.4875 0.2234375 0.009375 0.009375
1 0.49921875 0.33359375 0.009375 0.0109375
1 0.44921875 0.490625 0.0140625 0.015625
1 0.37109375 0.44921875 0.0140625 0.0171875
1 0.3484375 0.18359375 0.0078125 0.009375
1 0.2921875 0.275 0.009375 0.0109375
1 0.22421875 0.465625 0.0125 0.0171875
1 0.228125 0.80859375 0.021875 0.028125
1 0.015625 0.46484375 0.015625 0.0171875
1 0.13515625 0.4890625 0.0140625 0.01875
1 0.1578125 0.39921875 0.0125 0.015625
1 0.27109375 0.2359375 0.009375 0.009375
1 0.20234375 0.2546875 0.009375 0.0109375
1 0.24609375 0.20859375 0.009375 0.0109375
0 0.2734375 0.64375 0.0234375 0.034375
0 0.04765625 0.35078125 0.01875 0.0234375
0 0.2484375 0.35546875 0.0171875 0.025
0 0.16875 0.3890625 0.0203125 0.028125
0 0.40078125 0.3515625 0.0140625 0.01875
0 0.47578125 0.396875 0.01875 0.0265625
0 0.1828125 0.296875 0.0140625 0.021875
0 0.31171875 0.20703125 0.0109375 0.0171875
0 0.2921875 0.17109375 0.0125 0.0171875
0 0.2859375 0.1703125 0.009375 0.0140625
0 0.515625 0.265625 0.0125 0.01875
0 0.54765625 0.28984375 0.0125 0.01875
0 0.55625 0.19140625 0.0109375 0.0140625
0 0.5 0.16640625 0.0109375 0.015625
0 0.221875 0.1875 0.0125 0.015625
0 0.36484375 0.13046875 0.009375 0.0140625
1 0.52734375 0.3828125 0.0125 0.0140625