2 0.640625 0.61796875 0.25625 0.290625
0 0.65390625 0.50859375 0.0578125 0.0375
1 0.65546875 0.6828125 0.0578125 0.03125
2 0.40859375 0.65078125 0.2625 0.30625
0 0.4109375 0.53359375 0.0609375 0.0421875
1 0.3984375 0.7171875 0.0625 0.0328125
2 0.1078125 0.5546875 0.215625 0.284375
0 0.075 0.44296875 0.0578125 0.040625
1 0.0640625 0.6109375 0.0578125 0.0296875
0 0.83671875 0.90390625 0.1203125 0.0828125
2 0.328125 0.11015625 0.1 0.1296875
0 0.31953125 0.05625 0.028125 0.015625
1 0.3171875 0.13828125 0.0265625 0.015625
2 0.76953125 0.1546875 0.10625 0.1203125
1 0.78046875 0.184375 0.028125 0.0171875
0 0.78203125 0.10859375 0.028125 0.01875