0 0.65546875 0.94765625 0.021875 0.0421875
2 0.45625 0.578125 0.0421875 0.1390625
0 0.45859375 0.51953125 0.0125 0.0203125
1 0.44921875 0.61015625 0.009375 0.0140625
2 0.41015625 0.52890625 0.0375 0.1234375
0 0.41015625 0.478125 0.0125 0.01875
1 0.40390625 0.5515625 0.009375 0.0125
2 0.32421875 0.55234375 0.0421875 0.121875
0 0.328125 0.5015625 0.0109375 0.015625
1 0.315625 0.57734375 0.0109375 0.0125
2 0.2515625 0.55390625 0.046875 0.1296875
2 0.25078125 0.490625 0.0390625 0.10625
0 0.2515625 0.5 0.0125 0.0203125
1 0.23828125 0.59375 0.009375 0.0125
2 0.65 0.96171875 0.065625 0.0765625
2 0.19921875 0.41640625 0.0375 0.0921875
2 0.3984375 0.4578125 0.0296875 0.0984375
2 0.3828125 0.39609375 0.0265625 0.08125
2 0.36015625 0.3703125 0.0265625 0.0765625
2 0.33984375 0.3484375 0.025 0.071875
2 0.2890625 0.41640625 0.0296875 0.0921875
2 0.30234375 0.48046875 0.034375 0.0984375
0 0.19609375 0.38203125 0.00625 0.0109375
0 0.30078125 0.43828125 0.009375 0.0125
0 0.28828125 0.37734375 0.0078125 0.0140625
0 0.359375 0.3375 0.00625 0.0109375
0 0.33984375 0.31796875 0.00625 0.009375
0 0.3828125 0.36171875 0.00625 0.0125
0 0.396875 0.415625 0.009375 0.0125
2 0.509375 0.371875 0.0234375 0.075
2 0.4546875 0.35546875 0.021875 0.0734375
2 0.4078125 0.32265625 0.0203125 0.0640625
0 0.45546875 0.325 0.00625 0.0109375
0 0.4078125 0.29609375 0.0046875 0.009375
1 0.390625 0.47734375 0.0078125 0.009375
1 0.29140625 0.503125 0.0078125 0.009375
1 0.23984375 0.5125 0.0078125 0.0109375
1 0.190625 0.43515625 0.00625 0.009375
1 0.28125 0.43203125 0.00625 0.009375
1 0.3765625 0.409375 0.00625 0.0078125
1 0.353125 0.38359375 0.00625 0.0078125
1 0.3328125 0.36328125 0.0046875 0.0078125
0 0.2515625 0.44453125 0.009375 0.0125
0 0.20078125 0.375 0.009375 0.009375
1 0.50703125 0.38828125 0.00625 0.0078125
1 0.45234375 0.36796875 0.00625 0.0078125
1 0.403125 0.33359375 0.0046875 0.00625