2 0.2125 0.7671875 0.08203125 0.3328125
0 0.20859375 0.62421875 0.02734375 0.04921875
1 0.20625 0.85078125 0.02578125 0.03359375
2 0.37734375 0.62890625 0.0765625 0.3171875
0 0.37578125 0.5046875 0.0234375 0.04921875
1 0.37734375 0.70390625 0.02265625 0.0328125
2 0.5421875 0.096875 0.04140625 0.16484375
0 0.54375 0.02421875 0.01171875 0.01953125
1 0.5484375 0.12578125 0.0109375 0.01484375
2 0.471875 0.09296875 0.0421875 0.15859375
0 0.47109375 0.0265625 0.01328125 0.028125
1 0.4765625 0.12890625 0.0125 0.01640625