2 0.60625 0.509375 0.05546875 0.17578125
2 0.76875 0.6328125 0.0765625 0.21953125
2 0.428125 0.690625 0.059375 0.240625
2 0.84375 0.54140625 0.0796875 0.19140625
0 0.43046875 0.590625 0.0203125 0.0359375
0 0.609375 0.43359375 0.0140625 0.021875
0 0.7765625 0.53984375 0.0203125 0.03125
1 0.43359375 0.75390625 0.01953125 0.028125
0 0.61953125 0.4484375 0.015625 0.02421875
1 0.61796875 0.55234375 0.01328125 0.01953125
1 0.7921875 0.6984375 0.0171875 0.02578125
1 0.86015625 0.596875 0.0140625 0.02109375
0 0.8484375 0.4578125 0.01796875 0.0265625