2 0.25078125 0.60390625 0.08515625 0.31796875
0 0.2453125 0.471875 0.02578125 0.05
1 0.24296875 0.68125 0.0234375 0.03203125
2 0.3796875 0.50546875 0.06640625 0.275
0 0.3765625 0.390625 0.01953125 0.04375
0 0.38125 0.421875 0.02265625 0.0390625
1 0.384375 0.5859375 0.02109375 0.0265625
2 0.77421875 0.534375 0.075 0.29375
0 0.78203125 0.41328125 0.02421875 0.04921875
1 0.79765625 0.61328125 0.02109375 0.02734375
2 0.540625 0.31953125 0.0625 0.22578125
0 0.54375 0.221875 0.01640625 0.03046875
0 0.55625 0.228125 0.02109375 0.0234375
1 0.55234375 0.3671875 0.01640625 0.01953125