2 0.42578125 0.678125 0.0578125 0.1671875
0 0.42890625 0.62265625 0.015625 0.0265625
0 0.43046875 0.60625 0.015625 0.021875
1 0.4171875 0.728125 0.0125 0.0171875
2 0.3453125 0.7171875 0.0546875 0.1703125
0 0.346875 0.646875 0.0140625 0.028125
1 0.33203125 0.76953125 0.0125 0.0171875
2 0.3078125 0.5515625 0.046875 0.128125
0 0.30859375 0.4984375 0.0109375 0.0171875
1 0.296875 0.58671875 0.0109375 0.0125
2 0.409375 0.4578125 0.0328125 0.103125
0 0.41015625 0.41328125 0.0078125 0.0125
1 0.4046875 0.47734375 0.0078125 0.0109375
2 0.2671875 0.8984375 0.078125 0.1765625
0 0.26875 0.83203125 0.0234375 0.0390625
2 0.15078125 0.509375 0.04375 0.1171875
2 0.2515625 0.41875 0.0328125 0.0984375
2 0.33984375 0.34765625 0.0234375 0.071875
0 0.340625 0.3171875 0.00625 0.0109375
0 0.25078125 0.37734375 0.009375 0.015625
0 0.15 0.459375 0.0109375 0.015625
1 0.1359375 0.546875 0.009375 0.0125
1 0.3359375 0.3640625 0.00625 0.00625