2 0.5 0.375 0.03046875 0.11875
0 0.5015625 0.32421875 0.009375 0.015625
1 0.50625 0.3984375 0.009375 0.01328125
2 0.41015625 0.1953125 0.02109375 0.084375
0 0.40859375 0.159375 0.00625 0.0109375
2 0.584375 0.2328125 0.021875 0.08125
0 0.5859375 0.196875 0.0078125 0.009375
2 0.6625 0.20390625 0.02421875 0.07734375
0 0.6640625 0.1703125 0.00703125 0.009375
1 0.5859375 0.2515625 0.00859375 0.0109375
1 0.41015625 0.2109375 0.0078125 0.009375
1 0.66640625 0.21875 0.00625 0.00859375
2 0.64609375 0.125 0.01640625 0.05703125