2 0.24453125 0.48828125 0.071875 0.128125
0 0.25390625 0.43828125 0.0140625 0.0171875
1 0.225 0.5078125 0.0125 0.0140625
2 0.340625 0.46328125 0.053125 0.10625
0 0.35 0.41953125 0.0125 0.0171875
1 0.328125 0.48203125 0.009375 0.0109375
2 0.18359375 0.40234375 0.0625 0.1078125
0 0.1921875 0.36171875 0.0125 0.0171875
0 0.1828125 0.36328125 0.0140625 0.01875
1 0.1671875 0.4296875 0.009375 0.0125
2 0.50390625 0.384375 0.0421875 0.0875
2 0.33046875 0.4234375 0.0546875 0.103125
2 0.28515625 0.4140625 0.059375 0.1078125
0 0.3390625 0.3828125 0.0140625 0.01875
0 0.51328125 0.3515625 0.009375 0.0109375
0 0.2953125 0.37109375 0.0109375 0.0140625
0 0.28671875 0.3734375 0.0125 0.0140625
1 0.3171875 0.44609375 0.0109375 0.0125
1 0.271875 0.43359375 0.0109375 0.0125
1 0.5 0.3984375 0.0078125 0.009375