2 0.5171875 0.3765625 0.046875 0.121875
0 0.52578125 0.32578125 0.0109375 0.0171875
1 0.5203125 0.4 0.0109375 0.0140625
2 0.453125 0.1859375 0.0328125 0.0859375
0 0.45703125 0.15 0.0078125 0.0109375
2 0.62109375 0.246875 0.0328125 0.0828125
0 0.62734375 0.21171875 0.009375 0.0109375
2 0.70234375 0.2296875 0.034375 0.0796875
0 0.70859375 0.19609375 0.0078125 0.0109375
1 0.61953125 0.265625 0.009375 0.0125
1 0.4515625 0.2015625 0.009375 0.0109375
1 0.70390625 0.24453125 0.0078125 0.009375
2 0.696875 0.14921875 0.0234375 0.059375