2 0.65546875 0.64765625 0.05703125 0.18203125
0 0.6703125 0.596875 0.01484375 0.0328125
0 0.65625 0.57265625 0.01796875 0.0265625
1 0.66875 0.70703125 0.01484375 0.0203125
2 0.67265625 0.3234375 0.028125 0.103125
2 0.7328125 0.32578125 0.02890625 0.10078125
2 0.76953125 0.30234375 0.028125 0.09609375
1 0.67890625 0.34296875 0.00625 0.009375
1 0.740625 0.34609375 0.00703125 0.0078125
1 0.7765625 0.32421875 0.00703125 0.01015625
0 0.675 0.278125 0.0078125 0.0140625
0 0.73515625 0.28203125 0.0078125 0.0140625
2 0.4890625 0.22734375 0.021875 0.07578125
1 0.4921875 0.24921875 0.00625 0.009375
0 0.4890625 0.19453125 0.00625 0.009375