2 0.0546875 0.7640625 0.109375 0.215625
1 0.0140625 0.82109375 0.0203125 0.021875
0 0.0640625 0.68046875 0.025 0.034375
2 0.25 0.5125 0.071875 0.1390625
0 0.2578125 0.45703125 0.015625 0.021875
1 0.22734375 0.5546875 0.0109375 0.0140625
2 0.2203125 0.4671875 0.071875 0.1296875
0 0.23046875 0.415625 0.015625 0.0203125
1 0.2046875 0.49453125 0.0125 0.0140625
2 0.21796875 0.38046875 0.0609375 0.1046875
0 0.2203125 0.33984375 0.0125 0.0171875
0 0.22734375 0.340625 0.0125 0.0171875
1 0.20546875 0.4 0.009375 0.0125
2 0.5609375 0.54921875 0.0609375 0.1328125
0 0.575 0.496875 0.0140625 0.021875
1 0.553125 0.57578125 0.0109375 0.0140625
2 0.34453125 0.42578125 0.05625 0.109375
2 0.31640625 0.3703125 0.0484375 0.09375
2 0.32578125 0.2890625 0.0375 0.075
0 0.33046875 0.25859375 0.009375 0.0125
0 0.3546875 0.3796875 0.0109375 0.015625
0 0.3484375 0.3921875 0.0125 0.015625
1 0.30390625 0.3953125 0.0078125 0.0109375
1 0.334375 0.44296875 0.0109375 0.0125
1 0.3171875 0.2984375 0.00625 0.0078125