2 0.4015625 0.21796875 0.078125 0.2
1 0.40234375 0.26796875 0.0171875 0.01875
2 0.340625 0.2125 0.0703125 0.19375
1 0.33984375 0.27734375 0.015625 0.0171875
2 0.4890625 0.44140625 0.1046875 0.259375
0 0.47265625 0.33515625 0.0234375 0.0359375
1 0.490625 0.5 0.021875 0.0234375
2 0.60703125 0.15078125 0.071875 0.1734375
2 0.55234375 0.2796875 0.0859375 0.2203125
1 0.5640625 0.3390625 0.01875 0.021875
2 0.109375 0.21015625 0.0703125 0.18125
2 0.29921875 0.16171875 0.0609375 0.159375
0 0.2890625 0.09453125 0.0203125 0.0234375
0 0.09609375 0.13671875 0.015625 0.025