2 0.38203125 0.596875 0.0375 0.1375
0 0.3796875 0.53828125 0.009375 0.01875
1 0.37578125 0.6421875 0.009375 0.0125
2 0.09765625 0.72109375 0.06875 0.184375
0 0.09375 0.64296875 0.0171875 0.028125
1 0.07265625 0.76640625 0.0140625 0.01875
2 0.2625 0.51484375 0.034375 0.1109375
0 0.259375 0.46875 0.009375 0.015625
1 0.253125 0.546875 0.0078125 0.0109375
2 0.2 0.5125 0.0375 0.10625
1 0.1875 0.5328125 0.00625 0.0125
0 0.196875 0.46796875 0.0109375 0.0125
2 0.38046875 0.31640625 0.015625 0.059375
0 0.378125 0.29296875 0.0046875 0.0078125
1 0.3796875 0.32890625 0.0046875 0.00625
2 0.50859375 0.30703125 0.015625 0.053125
1 0.50625 0.32421875 0.003125 0.00625
0 0.5078125 0.28359375 0.0046875 0.00625