2 0.0765625 0.534375 0.13125 0.1421875
2 0.2453125 0.57109375 0.13125 0.1640625
1 0.21875 0.62890625 0.040625 0.0203125
1 0.04375 0.56953125 0.0390625 0.01875
0 0.25 0.51015625 0.0359375 0.0265625
0 0.0765625 0.48046875 0.0390625 0.025
2 0.3734375 0.3734375 0.0765625 0.0859375
2 0.25703125 0.3359375 0.0609375 0.0765625
2 0.209375 0.2859375 0.0625 0.0625
2 0.12421875 0.2640625 0.0453125 0.05625
2 0.09375 0.24765625 0.0515625 0.05625
2 0.34765625 0.28515625 0.046875 0.0546875
2 0.39453125 0.275 0.04375 0.05
2 0.50078125 0.28828125 0.0421875 0.0546875
2 0.5734375 0.2890625 0.0484375 0.05625
1 0.57109375 0.3015625 0.0125 0.0078125
1 0.4984375 0.30078125 0.0125 0.00625
1 0.390625 0.2828125 0.0109375 0.0046875
1 0.34140625 0.29609375 0.0140625 0.00625
1 0.36484375 0.39140625 0.01875 0.009375
1 0.2453125 0.3515625 0.0171875 0.0078125
1 0.2015625 0.30078125 0.0140625 0.0078125
1 0.115625 0.27421875 0.0140625 0.0078125
1 0.078125 0.2671875 0.0125 0.0078125
0 0.5765625 0.26640625 0.0109375 0.0078125
0 0.50546875 0.26484375 0.0125 0.00625
0 0.39609375 0.25390625 0.0125 0.00625
0 0.346875 0.26328125 0.01875 0.0078125
0 0.37421875 0.33984375 0.0203125 0.0140625
0 0.25625 0.3046875 0.021875 0.0125
0 0.21171875 0.26171875 0.015625 0.009375
0 0.20390625 0.26171875 0.015625 0.009375
0 0.1203125 0.24140625 0.0171875 0.009375
0 0.090625 0.2265625 0.01875 0.009375