2 0.80703125 0.68671875 0.0796875 0.1515625
0 0.82421875 0.628125 0.01875 0.025
1 0.81484375 0.71875 0.0140625 0.015625
2 0.66484375 0.540625 0.05625 0.115625
0 0.67734375 0.49765625 0.0140625 0.0203125
1 0.66875 0.56796875 0.0109375 0.0125
2 0.53203125 0.421875 0.040625 0.0890625
0 0.53984375 0.38671875 0.009375 0.0140625
1 0.53203125 0.4390625 0.0078125 0.009375
2 0.6265625 0.39375 0.0375 0.08125
2 0.4984375 0.30859375 0.0296875 0.0671875
2 0.43984375 0.321875 0.0328125 0.06875
0 0.44296875 0.29296875 0.0078125 0.009375
0 0.44609375 0.2921875 0.00625 0.009375
0 0.503125 0.28125 0.0078125 0.009375
1 0.4921875 0.321875 0.00625 0.0078125
1 0.4359375 0.3359375 0.00625 0.0078125
0 0.63359375 0.3640625 0.009375 0.0125
0 0.634375 0.359375 0.0078125 0.009375
1 0.625 0.4109375 0.00625 0.0078125