2 0.81875 0.7125 0.084375 0.1953125
0 0.8078125 0.634375 0.021875 0.03125
1 0.84296875 0.75703125 0.0171875 0.0203125
2 0.74296875 0.521875 0.0609375 0.1265625
0 0.7390625 0.4703125 0.0140625 0.0203125
1 0.76171875 0.55078125 0.0109375 0.0140625
2 0.49765625 0.44921875 0.0421875 0.1
0 0.49140625 0.4078125 0.009375 0.015625
1 0.50546875 0.465625 0.009375 0.0109375
2 0.58984375 0.3796875 0.0390625 0.0875
0 0.58515625 0.34375 0.009375 0.0140625
1 0.596875 0.3984375 0.0078125 0.009375
2 0.69609375 0.3328125 0.034375 0.0796875
2 0.509375 0.37734375 0.0328125 0.0796875
1 0.51640625 0.39609375 0.0078125 0.0078125
2 0.5109375 0.29609375 0.025 0.0625
1 0.515625 0.30625 0.00625 0.00625
2 0.58671875 0.25703125 0.021875 0.0484375
1 0.59140625 0.27109375 0.00625 0.00625
0 0.50390625 0.34453125 0.0078125 0.0125
0 0.50703125 0.2703125 0.00625 0.009375
0 0.584375 0.23828125 0.00625 0.009375
2 0.628125 0.278125 0.0265625 0.0625
0 0.62578125 0.2515625 0.00625 0.0078125