2 0.309375 0.6421875 0.3328125 0.6453125
0 0.22890625 0.378125 0.059375 0.0734375
1 0.29296875 0.78984375 0.0640625 0.075
1 0.534375 0.5984375 0.0375 0.0453125
0 0.31015625 0.38359375 0.0421875 0.0546875
2 0.41640625 0.46875 0.1125 0.2359375
1 0.44140625 0.5234375 0.0234375 0.0296875
0 0.38359375 0.37265625 0.0265625 0.0328125
2 0.50703125 0.503125 0.1828125 0.4015625
0 0.46328125 0.33515625 0.0359375 0.04375
2 0.165625 0.490625 0.084375 0.1609375
1 0.16953125 0.51640625 0.015625 0.01875
0 0.1453125 0.4296875 0.01875 0.0234375
2 0.36171875 0.53984375 0.1796875 0.390625
2 0.1984375 0.4734375 0.053125 0.125
0 0.1828125 0.421875 0.0125 0.0140625