0 0.42734375 0.7546875 0.0296875 0.059375
2 0.43359375 0.85859375 0.1140625 0.2828125
2 0.30234375 0.8203125 0.1140625 0.359375
0 0.28515625 0.67421875 0.0359375 0.0609375
1 0.28984375 0.909375 0.028125 0.0359375
2 0.12421875 0.76328125 0.1265625 0.328125
0 0.11171875 0.62421875 0.025 0.040625
0 0.0984375 0.6484375 0.034375 0.0609375
1 0.10859375 0.8546875 0.025 0.034375
2 0.609375 0.48984375 0.0875 0.2609375
0 0.603125 0.3796875 0.025 0.040625
1 0.61015625 0.56484375 0.021875 0.028125
2 0.4125 0.30703125 0.0671875 0.2109375
0 0.40234375 0.22265625 0.01875 0.0359375
1 0.4078125 0.35390625 0.01875 0.0234375
2 0.62421875 0.17578125 0.053125 0.178125
0 0.6203125 0.103125 0.01875 0.028125
1 0.6265625 0.20859375 0.0140625 0.01875
2 0.07109375 0.36171875 0.0765625 0.2171875
0 0.06171875 0.26953125 0.0203125 0.025
0 0.05234375 0.28359375 0.021875 0.03125
1 0.0578125 0.40703125 0.01875 0.0234375