2 0.275 0.56171875 0.12109375 0.48046875
1 0.25234375 0.6671875 0.03828125 0.0484375
0 0.2703125 0.34609375 0.0359375 0.0484375
0 0.3359375 0.35625 0.02734375 0.0390625
2 0.3453125 0.50234375 0.07734375 0.33125
1 0.42109375 0.5328125 0.01875 0.0234375
2 0.425 0.475 0.04921875 0.2234375
0 0.42109375 0.37578125 0.01796875 0.03125
0 0.4375 0.36484375 0.015625 0.025
0 0.3890625 0.3765625 0.0140625 0.01953125
0 0.19296875 0.36953125 0.0140625 0.02109375
2 0.19609375 0.42578125 0.03671875 0.13515625
1 0.19296875 0.45 0.0109375 0.015625
2 0.48359375 0.52265625 0.08984375 0.3640625
1 0.5 0.615625 0.02890625 0.034375
0 0.484375 0.3609375 0.02734375 0.040625