2 0.60078125 0.878125 0.07578125 0.24296875
0 0.6078125 0.78125 0.02265625 0.04296875
1 0.615625 0.9828125 0.0203125 0.03203125
2 0.490625 0.18125 0.02421875 0.08203125
2 0.5734375 0.20078125 0.02265625 0.08671875
2 0.53828125 0.1421875 0.01875 0.07265625
2 0.61796875 0.29140625 0.02734375 0.109375
1 0.48984375 0.2 0.00625 0.0078125
1 0.540625 0.15625 0.00625 0.00859375
1 0.62265625 0.3265625 0.0078125 0.00859375
1 0.578125 0.2234375 0.00625 0.0078125
0 0.61953125 0.24453125 0.0078125 0.015625
0 0.4890625 0.14921875 0.00546875 0.01015625
0 0.49296875 0.1453125 0.00703125 0.00859375
0 0.5390625 0.11015625 0.00625 0.00859375
0 0.575 0.16328125 0.00703125 0.0109375