2 0.62265625 0.5734375 0.12109375 0.15234375
0 0.6203125 0.5078125 0.03359375 0.0203125
1 0.6375 0.6125 0.03359375 0.01640625
2 0.403125 0.540625 0.1140625 0.13203125
0 0.396875 0.484375 0.03046875 0.0171875
1 0.4 0.5765625 0.03046875 0.015625
2 0.73046875 0.46328125 0.08671875 0.10390625
0 0.734375 0.41953125 0.0265625 0.01484375
1 0.74140625 0.4859375 0.0296875 0.01328125
2 0.87109375 0.49296875 0.0921875 0.1125
0 0.88046875 0.4484375 0.0359375 0.01953125
1 0.8921875 0.5234375 0.03203125 0.01328125