2 0.9203125 0.5640625 0.12265625 0.13359375
2 0.74921875 0.5890625 0.12109375 0.15546875
1 0.771875 0.6484375 0.0390625 0.01796875
1 0.95 0.60078125 0.0375 0.01640625
0 0.7484375 0.52734375 0.034375 0.02421875
0 0.9234375 0.51015625 0.0375 0.021875
2 0.63515625 0.3828125 0.07109375 0.08046875
2 0.75390625 0.353125 0.05546875 0.0734375
2 0.8046875 0.30703125 0.0578125 0.05859375
2 0.89140625 0.290625 0.0421875 0.053125
2 0.92265625 0.2765625 0.0484375 0.053125
2 0.6671875 0.29609375 0.04296875 0.0515625
2 0.62109375 0.2828125 0.03984375 0.046875
2 0.5140625 0.2890625 0.03828125 0.0515625
2 0.44140625 0.284375 0.04453125 0.053125
1 0.44296875 0.296875 0.01171875 0.00625
1 0.515625 0.3015625 0.01171875 0.00546875
1 0.62421875 0.290625 0.0109375 0.0046875
1 0.67265625 0.3078125 0.01328125 0.00546875
1 0.6421875 0.40078125 0.01875 0.00859375
1 0.7640625 0.36953125 0.01640625 0.00703125
1 0.81171875 0.321875 0.01328125 0.00625
1 0.89921875 0.3015625 0.01328125 0.00625
1 0.9375 0.296875 0.0125 0.00625
0 0.43984375 0.26171875 0.0109375 0.00703125
0 0.5109375 0.26484375 0.0125 0.0046875
0 0.62109375 0.26171875 0.01171875 0.0046875
0 0.66953125 0.27421875 0.01796875 0.00703125
0 0.63671875 0.34921875 0.01953125 0.0125
0 0.75703125 0.321875 0.02109375 0.0109375
0 0.80390625 0.28203125 0.015625 0.0078125
0 0.81171875 0.2828125 0.015625 0.0078125
0 0.896875 0.26875 0.01640625 0.00859375
0 0.92734375 0.25546875 0.01875 0.0078125