2 0.39921875 0.58828125 0.0484375 0.1390625
0 0.40234375 0.52890625 0.0125 0.0203125
1 0.38984375 0.615625 0.0109375 0.015625
2 0.33515625 0.45078125 0.040625 0.109375
0 0.33671875 0.40390625 0.009375 0.0125
1 0.32421875 0.4734375 0.009375 0.009375
2 0.09609375 0.65078125 0.0703125 0.1671875
0 0.0953125 0.58125 0.015625 0.025
1 0.07265625 0.69140625 0.0125 0.0171875
0 0.08828125 0.5125 0.0125 0.01875
0 0.0765625 0.51953125 0.0140625 0.021875
1 0.065625 0.61328125 0.0109375 0.015625
0 0.4125 0.453125 0.009375 0.015625
0 0.4046875 0.45546875 0.0078125 0.0125
2 0.409375 0.490625 0.0390625 0.096875