2 0.609375 0.47734375 0.0546875 0.16875
2 0.87265625 0.67265625 0.090625 0.21875
0 0.88671875 0.578125 0.021875 0.0265625
0 0.61484375 0.403125 0.015625 0.021875
1 0.90234375 0.73046875 0.01875 0.028125
2 0.85859375 0.403125 0.046875 0.140625
1 0.8734375 0.4421875 0.0125 0.0171875
1 0.625 0.5171875 0.0125 0.01875
2 0.41640625 0.26875 0.0328125 0.1171875
2 0.54375 0.25390625 0.03125 0.1078125
2 0.72109375 0.228125 0.028125 0.096875
2 0.96953125 0.4765625 0.0609375 0.159375
1 0.99609375 0.51484375 0.00625 0.015625
1 0.41640625 0.29296875 0.0078125 0.009375
1 0.55 0.2859375 0.0078125 0.009375
1 0.728125 0.24609375 0.00625 0.0078125
0 0.54453125 0.20703125 0.0109375 0.0125
0 0.71796875 0.1875 0.009375 0.0109375
0 0.86171875 0.34296875 0.0125 0.0171875
0 0.87421875 0.34453125 0.0125 0.01875
0 0.9859375 0.4125 0.01875 0.028125