2 0.52734375 0.5890625 0.05546875 0.2
1 0.53359375 0.64140625 0.01640625 0.02265625
0 0.5234375 0.50390625 0.01953125 0.02890625
2 0.68203125 0.634375 0.05625 0.19921875
2 0.76796875 0.61796875 0.06484375 0.19765625
2 0.63984375 0.4015625 0.04140625 0.146875
2 0.71875 0.3796875 0.03515625 0.134375
2 0.7953125 0.36953125 0.0421875 0.12890625
2 0.90703125 0.4578125 0.05703125 0.15
2 0.8984375 0.37265625 0.0421875 0.11171875
2 0.57578125 0.296875 0.034375 0.10546875
2 0.5171875 0.3609375 0.034375 0.128125
2 0.51796875 0.27578125 0.025 0.09375
2 0.53515625 0.21953125 0.02421875 0.09375
1 0.696875 0.68125 0.01484375 0.01953125
1 0.7921875 0.66328125 0.0140625 0.0203125
1 0.928125 0.5015625 0.00859375 0.01484375
1 0.81171875 0.39921875 0.009375 0.01484375
1 0.72578125 0.4203125 0.009375 0.01328125
1 0.65 0.44609375 0.01015625 0.0125
1 0.5265625 0.39375 0.00859375 0.01171875
1 0.5765625 0.321875 0.009375 0.0109375
0 0.53671875 0.178125 0.00625 0.0109375
0 0.52109375 0.23515625 0.00859375 0.0140625
0 0.521875 0.30625 0.0109375 0.01796875
0 0.57734375 0.26015625 0.0078125 0.0140625
0 0.64140625 0.3390625 0.01015625 0.021875
0 0.7234375 0.321875 0.0109375 0.01640625
0 0.8 0.31484375 0.01328125 0.01796875
0 0.9078125 0.32578125 0.0125 0.01875
0 0.915625 0.390625 0.015625 0.02109375
0 0.6859375 0.55 0.01640625 0.03125
0 0.7765625 0.53125 0.0203125 0.02734375