2 0.425 0.45625 0.0390625 0.15078125
0 0.42265625 0.39296875 0.01015625 0.0203125
1 0.425 0.48828125 0.01015625 0.0140625
2 0.646875 0.4046875 0.0390625 0.12421875
0 0.64609375 0.34921875 0.01015625 0.01328125
1 0.65078125 0.4328125 0.009375 0.0140625
2 0.8078125 0.4 0.05078125 0.12421875
0 0.81171875 0.3484375 0.01171875 0.015625
1 0.81484375 0.4265625 0.00859375 0.0109375
0 0.68203125 0.85390625 0.0234375 0.04375
2 0.40234375 0.1546875 0.0203125 0.06953125
0 0.40078125 0.12578125 0.0078125 0.01171875
2 0.5609375 0.1546875 0.01953125 0.0671875
1 0.40078125 0.1671875 0.00546875 0.00625
1 0.5609375 0.1734375 0.00625 0.009375
2 0.6015625 0.1890625 0.02265625 0.075
1 0.603125 0.2015625 0.00859375 0.00859375
0 0.6015625 0.15703125 0.00703125 0.0078125
0 0.6046875 0.159375 0.00546875 0.009375
2 0.67109375 0.1765625 0.02109375 0.07265625
1 0.675 0.190625 0.00625 0.00859375
0 0.671875 0.1453125 0.0078125 0.00859375
2 0.6875 0.22421875 0.02421875 0.0828125
0 0.68984375 0.18828125 0.0078125 0.01171875
1 0.69296875 0.23828125 0.00625 0.009375
2 0.74453125 0.22421875 0.02578125 0.0859375
0 0.74609375 0.18828125 0.0078125 0.0140625
1 0.75 0.2421875 0.00546875 0.009375
2 0.78671875 0.340625 0.03359375 0.09296875