2 0.62734375 0.58671875 0.05 0.1375
0 0.63203125 0.53046875 0.0125 0.021875
0 0.640625 0.54453125 0.0109375 0.015625
1 0.63046875 0.61875 0.0109375 0.0140625
2 0.80078125 0.58203125 0.059375 0.13125
2 0.9375 0.5515625 0.05625 0.1296875
2 0.77421875 0.5125 0.04375 0.1125
2 0.6203125 0.35703125 0.0265625 0.078125
2 0.6953125 0.3390625 0.028125 0.0796875
1 0.62265625 0.37265625 0.00625 0.0078125
1 0.6984375 0.353125 0.0046875 0.0078125
1 0.80703125 0.61015625 0.0109375 0.0109375
1 0.78203125 0.53515625 0.009375 0.009375
1 0.9515625 0.5703125 0.009375 0.0125
0 0.78203125 0.46328125 0.009375 0.0125
0 0.9546875 0.49921875 0.0125 0.0171875