2 0.815625 0.80859375 0.1125 0.3453125
0 0.8140625 0.665625 0.03125 0.05625
1 0.82890625 0.9 0.03125 0.0390625
2 0.20234375 0.54140625 0.096875 0.284375
0 0.1921875 0.4234375 0.025 0.04375
1 0.1890625 0.6 0.0234375 0.0296875
2 0.55546875 0.378125 0.075 0.2390625
0 0.546875 0.278125 0.0203125 0.040625
1 0.56328125 0.42265625 0.0203125 0.0265625
2 0.0484375 0.25390625 0.0734375 0.2015625
0 0.040625 0.16953125 0.0171875 0.03125
0 0.02890625 0.1890625 0.01875 0.03125
1 0.0359375 0.3 0.015625 0.0203125
2 0.53671875 0.14609375 0.0546875 0.178125
2 0.265625 0.15078125 0.05625 0.171875
2 0.1203125 0.109375 0.053125 0.159375
2 0.62578125 0.07578125 0.0484375 0.1515625
1 0.62890625 0.1015625 0.0125 0.015625
1 0.5390625 0.1828125 0.0140625 0.0171875
1 0.259375 0.1921875 0.0125 0.015625
1 0.11171875 0.13828125 0.0109375 0.0125
0 0.26171875 0.07734375 0.0171875 0.028125
0 0.62265625 0.003125 0.0140625 0.00625
0 0.53359375 0.06953125 0.015625 0.0203125
0 0.11171875 0.04296875 0.0140625 0.025