2 0.60625 0.5109375 0.0578125 0.1765625
2 0.76640625 0.6375 0.0796875 0.2203125
2 0.425 0.6890625 0.0640625 0.2421875
2 0.84296875 0.54765625 0.0828125 0.1921875
0 0.42890625 0.5890625 0.0203125 0.0359375
0 0.61015625 0.43515625 0.0140625 0.021875
0 0.77578125 0.54453125 0.0203125 0.03125
1 0.42890625 0.75234375 0.0203125 0.028125
0 0.6203125 0.45078125 0.015625 0.025
1 0.6171875 0.5546875 0.0140625 0.0203125
1 0.7890625 0.703125 0.0171875 0.0265625
1 0.85859375 0.603125 0.0140625 0.021875
0 0.84921875 0.4640625 0.01875 0.0265625