2 0.72109375 0.7453125 0.059375 0.19921875
0 0.72890625 0.65859375 0.0140625 0.0234375
1 0.73828125 0.80234375 0.0140625 0.01953125
2 0.69453125 0.48359375 0.04375 0.13203125
0 0.6984375 0.428125 0.0109375 0.01796875
1 0.70546875 0.52109375 0.01015625 0.0125
2 0.75 0.3984375 0.03671875 0.11484375
2 0.7203125 0.3140625 0.0296875 0.09375
0 0.75234375 0.35 0.009375 0.01328125
1 0.76015625 0.4375 0.009375 0.0125
1 0.72734375 0.33203125 0.0109375 0.0125
0 0.725 0.2734375 0.01015625 0.0125
2 0.6046875 0.2796875 0.02578125 0.0859375
2 0.62421875 0.2375 0.0234375 0.078125
0 0.6046875 0.24375 0.00546875 0.01015625
0 0.60703125 0.2421875 0.00703125 0.0109375
0 0.625 0.2046875 0.00625 0.0125
0 0.62890625 0.20390625 0.00546875 0.01171875
1 0.6078125 0.2984375 0.00703125 0.0078125
1 0.6265625 0.25859375 0.00625 0.00703125