2 0.5125 0.4125 0.06328125 0.246875
0 0.51328125 0.3109375 0.01953125 0.0390625
1 0.51796875 0.4703125 0.0171875 0.025
2 0.3953125 0.18203125 0.04453125 0.17890625
0 0.39453125 0.1078125 0.0171875 0.028125
1 0.4015625 0.23984375 0.0140625 0.01953125
2 0.790625 0.11875 0.0484375 0.16640625
0 0.79375 0.04765625 0.01171875 0.0234375
0 0.8015625 0.046875 0.01328125 0.02109375
1 0.8015625 0.1546875 0.0125 0.0171875
2 0.21484375 0.8140625 0.0828125 0.359375
2 0.48515625 0.1140625 0.04140625 0.16640625
0 0.4890625 0.040625 0.0171875 0.0140625
1 0.48828125 0.15078125 0.01484375 0.0171875