2 0.30078125 0.92734375 0.0734375 0.1453125
0 0.2890625 0.88359375 0.0203125 0.0453125
2 0.3046875 0.48984375 0.0359375 0.1
1 0.29609375 0.51015625 0.0078125 0.0109375
2 0.30234375 0.42734375 0.028125 0.08125
0 0.30078125 0.4484375 0.009375 0.0140625
2 0.36171875 0.45 0.0265625 0.090625
2 0.34453125 0.42109375 0.0296875 0.0859375
2 0.20859375 0.45234375 0.034375 0.0921875
0 0.3578125 0.4109375 0.00625 0.0109375
0 0.3421875 0.384375 0.00625 0.0125
0 0.2984375 0.3921875 0.0078125 0.0109375
0 0.29375 0.3953125 0.0078125 0.0109375
0 0.20390625 0.4140625 0.00625 0.0125
0 0.19609375 0.41953125 0.009375 0.0125
1 0.3421875 0.44140625 0.0078125 0.0109375
1 0.35859375 0.46875 0.0078125 0.0125
1 0.20234375 0.47734375 0.0078125 0.0109375