2 0.1234375 0.85859375 0.071875 0.20625
1 0.0984375 0.921875 0.015625 0.01875
0 0.115625 0.7734375 0.0171875 0.03125
2 0.25859375 0.56875 0.0421875 0.1328125
0 0.2546875 0.51328125 0.0125 0.0203125
1 0.24609375 0.6140625 0.009375 0.0125
2 0.2203125 0.53125 0.0453125 0.1234375
0 0.21796875 0.47890625 0.0109375 0.01875
1 0.21171875 0.56171875 0.009375 0.0125
2 0.1984375 0.446875 0.0390625 0.1
0 0.19140625 0.40703125 0.009375 0.015625
0 0.1984375 0.40546875 0.009375 0.015625
1 0.190625 0.46875 0.0078125 0.0109375
2 0.5703125 0.534375 0.0328125 0.1296875
0 0.571875 0.48046875 0.0109375 0.0203125
1 0.56953125 0.5625 0.009375 0.0125
2 0.33203125 0.4625 0.034375 0.1046875
2 0.2921875 0.41484375 0.028125 0.0890625
2 0.2828125 0.33359375 0.021875 0.071875
0 0.28046875 0.303125 0.00625 0.0109375
0 0.33125 0.415625 0.0078125 0.0140625
0 0.328125 0.42890625 0.009375 0.0140625
1 0.28515625 0.4421875 0.00625 0.0109375
1 0.32578125 0.48125 0.009375 0.0109375
1 0.27578125 0.34453125 0.0046875 0.00625