2 0.84140625 0.81953125 0.06796875 0.190625
0 0.8484375 0.74140625 0.01796875 0.03203125
1 0.86640625 0.871875 0.015625 0.02109375
2 0.5828125 0.59140625 0.0359375 0.13046875
0 0.58203125 0.53828125 0.01171875 0.021875
1 0.590625 0.61875 0.01015625 0.01328125
2 0.65390625 0.478125 0.0296875 0.103125
0 0.65625 0.43828125 0.00859375 0.01640625
1 0.65859375 0.5015625 0.0078125 0.0109375
2 0.44140625 0.42734375 0.02421875 0.09609375
0 0.440625 0.3875 0.00859375 0.01484375
1 0.43984375 0.44921875 0.00625 0.009375
2 0.3921875 0.41640625 0.02265625 0.084375
0 0.39140625 0.38046875 0.00703125 0.009375
0 0.38984375 0.38125 0.00625 0.01171875
1 0.39140625 0.43671875 0.00625 0.009375