2 0.63671875 0.70078125 0.06015625 0.19453125
0 0.6390625 0.62109375 0.01875 0.0296875
1 0.64375 0.753125 0.01484375 0.01875
2 0.7375 0.771875 0.0609375 0.20078125
0 0.746875 0.6859375 0.02109375 0.03203125
2 0.63671875 0.24140625 0.02109375 0.08515625
2 0.69140625 0.25234375 0.02578125 0.0875
0 0.640625 0.2046875 0.0078125 0.01171875
0 0.6921875 0.215625 0.00625 0.01171875
0 0.6984375 0.21640625 0.00625 0.0125
1 0.69609375 0.27109375 0.00703125 0.0078125
1 0.6421875 0.259375 0.00546875 0.0078125