2 0.5875 0.55390625 0.0375 0.1296875
0 0.58828125 0.50078125 0.0109375 0.0203125
1 0.5953125 0.5828125 0.009375 0.0125
2 0.80234375 0.478125 0.046875 0.10625
0 0.8015625 0.434375 0.009375 0.0140625
0 0.80859375 0.43515625 0.0078125 0.0140625
1 0.81015625 0.50078125 0.0078125 0.0109375
2 0.6265625 0.38203125 0.025 0.078125
2 0.5984375 0.359375 0.0203125 0.071875
2 0.64609375 0.34453125 0.025 0.071875
2 0.73125 0.35859375 0.025 0.071875
2 0.60859375 0.3328125 0.0203125 0.0671875
1 0.6015625 0.3734375 0.00625 0.0078125
1 0.63203125 0.396875 0.00625 0.0078125
1 0.64921875 0.35859375 0.00625 0.0078125
1 0.61015625 0.3484375 0.0046875 0.00625
1 0.7359375 0.37734375 0.00625 0.0078125
0 0.5984375 0.32890625 0.00625 0.009375
0 0.62578125 0.34921875 0.00625 0.009375
0 0.64453125 0.31328125 0.00625 0.009375
0 0.6484375 0.315625 0.00625 0.0078125
0 0.7296875 0.328125 0.00625 0.0109375
0 0.7359375 0.32890625 0.00625 0.009375