2 0.7984375 0.4953125 0.04375 0.1125
0 0.80078125 0.44921875 0.0125 0.01875
1 0.81484375 0.521875 0.009375 0.0125
2 0.65078125 0.48828125 0.034375 0.1109375
0 0.65 0.440625 0.009375 0.015625
1 0.66015625 0.51171875 0.009375 0.0109375
2 0.46015625 0.34765625 0.0203125 0.0703125
2 0.5671875 0.33359375 0.021875 0.0703125
2 0.66640625 0.30546875 0.01875 0.0640625
2 0.63359375 0.41875 0.028125 0.0890625
1 0.4625 0.3578125 0.00625 0.00625
1 0.571875 0.35 0.0046875 0.00625
1 0.64140625 0.43828125 0.00625 0.009375
1 0.67109375 0.3234375 0.0046875 0.00625
0 0.46015625 0.3171875 0.00625 0.0109375
0 0.5671875 0.30390625 0.0046875 0.0109375
0 0.63359375 0.37890625 0.0078125 0.0125
0 0.66796875 0.27890625 0.0046875 0.009375