2 0.3453125 0.78203125 0.05234375 0.1921875
0 0.3421875 0.70078125 0.01484375 0.02734375
1 0.33984375 0.8421875 0.01328125 0.021875
2 0.66171875 0.8328125 0.05859375 0.2125
0 0.67109375 0.74765625 0.0171875 0.0328125
1 0.675 0.9140625 0.01484375 0.0234375
2 0.58203125 0.5859375 0.03515625 0.1390625
0 0.58359375 0.5265625 0.01015625 0.0203125
1 0.58828125 0.6140625 0.01015625 0.01484375
2 0.5484375 0.42265625 0.0265625 0.0953125
1 0.553125 0.44921875 0.0078125 0.009375
2 0.7 0.3703125 0.02265625 0.07734375
0 0.7015625 0.3390625 0.00703125 0.0109375
2 0.5890625 0.46796875 0.02734375 0.1046875
0 0.590625 0.425 0.00859375 0.01640625
1 0.59375 0.48828125 0.0078125 0.0109375
2 0.70234375 0.525 0.03671875 0.11640625
1 0.71328125 0.55234375 0.00859375 0.01171875
2 0.50703125 0.365625 0.02109375 0.07734375
2 0.56484375 0.3578125 0.01796875 0.07265625
2 0.521875 0.3078125 0.0171875 0.06484375
1 0.509375 0.37890625 0.00625 0.0078125
1 0.525 0.31953125 0.0046875 0.00625
1 0.56875 0.37265625 0.00546875 0.00625
0 0.56640625 0.325 0.00546875 0.00859375
0 0.5203125 0.27890625 0.00546875 0.00859375
0 0.52421875 0.28046875 0.00546875 0.0078125
0 0.50625 0.33125 0.00625 0.01015625