2 0.57109375 0.55546875 0.0453125 0.171875
0 0.571875 0.484375 0.0125 0.0234375
0 0.56640625 0.50390625 0.0140625 0.0234375
1 0.57578125 0.59453125 0.0125 0.015625
2 0.85546875 0.64296875 0.065625 0.184375
0 0.859375 0.5671875 0.0171875 0.0328125
0 0.875 0.59453125 0.015625 0.028125
1 0.87265625 0.69609375 0.0125 0.01875
2 0.92109375 0.63671875 0.0640625 0.184375
0 0.93515625 0.56015625 0.0171875 0.028125
0 0.9453125 0.68359375 0.009375 0.0171875
2 0.5453125 0.40546875 0.034375 0.121875
2 0.6234375 0.24375 0.021875 0.0828125
2 0.83046875 0.41796875 0.05625 0.121875
0 0.546875 0.35390625 0.0125 0.015625
0 0.5546875 0.365625 0.0078125 0.015625
0 0.62578125 0.209375 0.00625 0.0125
0 0.83359375 0.365625 0.0109375 0.015625