2 0.24453125 0.6 0.09375 0.19375
0 0.25859375 0.5203125 0.0203125 0.0265625
1 0.2171875 0.64765625 0.0171875 0.021875
2 0.20703125 0.26796875 0.0609375 0.115625
0 0.21484375 0.22265625 0.015625 0.0203125
1 0.18984375 0.29296875 0.009375 0.0109375
2 0.28046875 0.27890625 0.0625 0.115625
2 0.33671875 0.209375 0.0515625 0.1
0 0.28671875 0.23359375 0.0140625 0.0203125
1 0.26484375 0.29609375 0.009375 0.0125
2 0.6859375 0.290625 0.0484375 0.1015625
0 0.6953125 0.253125 0.0125 0.0140625
2 0.48671875 0.23359375 0.04375 0.090625
0 0.34296875 0.17109375 0.015625 0.0203125
2 0.434375 0.24453125 0.05 0.1015625
0 0.4421875 0.21015625 0.009375 0.0171875
0 0.4375 0.21171875 0.009375 0.0140625
1 0.4796875 0.259375 0.0109375 0.0125
1 0.42578125 0.26328125 0.0109375 0.0140625
1 0.32734375 0.22578125 0.0109375 0.0109375