2 0.2796875 0.31328125 0.071875 0.24140625
0 0.2828125 0.21171875 0.01796875 0.0359375
1 0.28046875 0.35625 0.0171875 0.02421875
2 0.28203125 0.76953125 0.0890625 0.353125
2 0.3640625 0.2578125 0.0453125 0.19765625
2 0.740625 0.21875 0.0484375 0.18984375
2 0.81015625 0.26015625 0.05390625 0.19609375
2 0.81953125 0.14609375 0.04375 0.16171875
2 0.96015625 0.17890625 0.0515625 0.18828125
1 0.28515625 0.86171875 0.0265625 0.03828125
1 0.36484375 0.31875 0.0140625 0.0265625
1 0.74765625 0.26328125 0.0140625 0.0234375
1 0.8140625 0.30859375 0.0203125 0.025
0 0.8109375 0.17578125 0.01640625 0.03359375
1 0.8296875 0.1859375 0.01484375 0.0140625
1 0.975 0.21796875 0.0140625 0.01875
0 0.36171875 0.171875 0.01640625 0.0265625
0 0.74453125 0.1671875 0.015625 0.0234375
0 0.73984375 0.1359375 0.0140625 0.021875
0 0.8203125 0.08125 0.0171875 0.03203125
0 0.96328125 0.1 0.0171875 0.028125