2 0.45859375 0.25625 0.0984375 0.2140625
0 0.48046875 0.17109375 0.0203125 0.0296875
1 0.4453125 0.31953125 0.0203125 0.0234375
2 0.93671875 0.55390625 0.1265625 0.2640625
0 0.97109375 0.45234375 0.0296875 0.0421875
0 0.98359375 0.46953125 0.03125 0.0453125
1 0.94765625 0.6171875 0.025 0.028125
2 0.971875 0.28671875 0.05625 0.1921875
1 0.99453125 0.32265625 0.0109375 0.0203125
2 0.915625 0.1921875 0.0859375 0.1671875
0 0.9328125 0.128125 0.01875 0.0265625
0 0.94296875 0.1296875 0.0171875 0.0265625
1 0.9171875 0.22734375 0.015625 0.01875