2 0.75078125 0.59921875 0.090625 0.31875
0 0.75390625 0.4671875 0.0265625 0.05
1 0.76015625 0.6765625 0.0234375 0.0328125
2 0.6203125 0.503125 0.071875 0.2765625
0 0.621875 0.38828125 0.0203125 0.04375
0 0.6171875 0.41953125 0.0234375 0.0390625
1 0.6171875 0.58359375 0.021875 0.0265625
2 0.2265625 0.5390625 0.0796875 0.2953125
0 0.21640625 0.41796875 0.025 0.05
1 0.2046875 0.61875 0.021875 0.028125
2 0.45625 0.3203125 0.0671875 0.2265625
0 0.4515625 0.22265625 0.0171875 0.03125
0 0.4390625 0.22890625 0.021875 0.0234375
1 0.4453125 0.36796875 0.0171875 0.0203125