2 0.5640625 0.87109375 0.0671875 0.21484375
0 0.56015625 0.78125 0.01640625 0.03203125
1 0.5671875 0.92265625 0.015625 0.0234375
0 0.69375 0.92109375 0.021875 0.04296875
2 0.75234375 0.525 0.03515625 0.11796875
0 0.7609375 0.48125 0.0078125 0.0140625
0 0.7578125 0.4765625 0.00859375 0.0140625
2 0.69375 0.45078125 0.02734375 0.09453125
0 0.6953125 0.409375 0.0078125 0.0140625
2 0.74453125 0.43671875 0.02734375 0.090625
0 0.746875 0.39765625 0.0078125 0.01171875
2 0.403125 0.44921875 0.0234375 0.0984375
0 0.40078125 0.4078125 0.0078125 0.0140625
2 0.5296875 0.328125 0.01796875 0.06484375
0 0.5296875 0.3015625 0.00546875 0.009375
2 0.634375 0.359375 0.02109375 0.0796875
0 0.634375 0.3265625 0.00703125 0.01171875
1 0.6390625 0.378125 0.0046875 0.00703125
1 0.53203125 0.34921875 0.0046875 0.00703125
1 0.7015625 0.475 0.00703125 0.00859375
1 0.4015625 0.471875 0.00703125 0.01015625
1 0.75390625 0.465625 0.00703125 0.00859375
2 0.603125 0.309375 0.015625 0.05859375
0 0.603125 0.284375 0.0046875 0.00703125
1 0.603125 0.32578125 0.0046875 0.00625