2 0.4921875 0.82578125 0.103125 0.3484375
0 0.48515625 0.6828125 0.028125 0.0515625
1 0.50078125 0.93125 0.02890625 0.03671875
2 0.63125 0.4390625 0.0671875 0.265625
0 0.634375 0.32890625 0.0171875 0.0328125
1 0.6421875 0.5015625 0.01796875 0.025
2 0.41875 0.453125 0.06171875 0.26484375
0 0.4203125 0.340625 0.01875 0.03359375
1 0.428125 0.52265625 0.01953125 0.02734375
2 0.265625 0.12578125 0.03984375 0.17578125
2 0.325 0.31796875 0.059375 0.21796875
2 0.44296875 0.24296875 0.05390625 0.19296875
2 0.7875 0.1234375 0.05078125 0.16796875
0 0.31953125 0.23046875 0.01328125 0.03125
0 0.32890625 0.23671875 0.01875 0.0328125
0 0.4421875 0.15859375 0.01640625 0.02578125
0 0.7921875 0.0484375 0.0125 0.0171875
1 0.796875 0.15546875 0.0109375 0.01640625
1 0.325 0.3703125 0.01484375 0.02265625
1 0.44609375 0.2828125 0.015625 0.02265625