2 0.884375 0.5125 0.1046875 0.1171875
2 0.584375 0.634375 0.11484375 0.1640625
1 0.59296875 0.68046875 0.04140625 0.0203125
0 0.58359375 0.58046875 0.03828125 0.01875
0 0.87890625 0.46328125 0.025 0.01875
1 0.90234375 0.55234375 0.03203125 0.01328125
0 0.9046875 0.46640625 0.03203125 0.0203125
0 0.58203125 0.5640625 0.0453125 0.021875
2 0.684375 0.33515625 0.05234375 0.065625
0 0.684375 0.30859375 0.01875 0.01171875
1 0.69296875 0.34921875 0.01796875 0.0078125
2 0.6359375 0.4546875 0.07421875 0.0984375
1 0.64921875 0.47734375 0.02578125 0.0109375
0 0.63515625 0.4125 0.0265625 0.01484375
0 0.6546875 0.41796875 0.02734375 0.015625
2 0.6203125 0.35703125 0.0609375 0.0734375
1 0.6265625 0.3828125 0.01953125 0.00703125
0 0.62109375 0.325 0.01640625 0.01015625
2 0.5765625 0.28359375 0.04453125 0.0515625
2 0.671875 0.28046875 0.03984375 0.0453125
0 0.57734375 0.2625 0.0140625 0.0078125
0 0.67421875 0.2625 0.0125 0.00625