2 0.44609375 0.51484375 0.0625 0.228125
1 0.459375 0.57578125 0.01875 0.0234375
2 0.753125 0.64375 0.2046875 0.4859375
0 0.7515625 0.425 0.0421875 0.0515625
2 0.5921875 0.53828125 0.065625 0.2515625
0 0.59765625 0.43046875 0.021875 0.028125
2 0.521875 0.49140625 0.04375 0.159375
0 0.521875 0.41953125 0.0140625 0.01875
1 0.52890625 0.5140625 0.0125 0.0140625
1 0.609375 0.57890625 0.01875 0.0203125
2 0.35078125 0.48515625 0.0515625 0.16875
2 0.39609375 0.4828125 0.0421875 0.14375
1 0.36953125 0.5328125 0.0109375 0.015625
1 0.403125 0.4984375 0.0109375 0.0109375
0 0.39453125 0.4203125 0.0125 0.0171875