2 0.18125 0.7984375 0.1203125 0.24375
0 0.1953125 0.7046875 0.028125 0.0375
1 0.140625 0.875 0.021875 0.028125
2 0.66640625 0.325 0.04375 0.1015625
1 0.66484375 0.3421875 0.009375 0.0140625
2 0.6140625 0.34296875 0.05 0.10625
2 0.55390625 0.41875 0.059375 0.134375
2 0.51328125 0.36484375 0.0515625 0.121875
2 0.44765625 0.346875 0.046875 0.1125
2 0.4859375 0.290625 0.04375 0.0984375
2 0.2828125 0.3234375 0.05625 0.115625
1 0.6078125 0.371875 0.009375 0.0125
1 0.50625 0.38515625 0.009375 0.0125
1 0.54453125 0.45234375 0.0125 0.0140625
1 0.48125 0.3109375 0.009375 0.0109375
0 0.49375 0.2484375 0.009375 0.0109375
0 0.4546875 0.3 0.0109375 0.0140625
0 0.28984375 0.27890625 0.0125 0.0140625
1 0.2671875 0.3484375 0.0109375 0.0140625