2 0.5125 0.825 0.109375 0.35
0 0.51796875 0.6828125 0.0296875 0.0515625
1 0.50703125 0.93125 0.0296875 0.0375
2 0.36796875 0.44140625 0.071875 0.2671875
0 0.3625 0.33125 0.0171875 0.0328125
1 0.3578125 0.50390625 0.01875 0.025
2 0.58046875 0.4515625 0.065625 0.265625
0 0.5765625 0.3390625 0.01875 0.034375
1 0.571875 0.52109375 0.0203125 0.028125
2 0.728125 0.121875 0.0421875 0.1765625
2 0.671875 0.31484375 0.0625 0.21875
2 0.55234375 0.2421875 0.0578125 0.19375
2 0.20625 0.128125 0.053125 0.16875
0 0.67578125 0.22734375 0.0140625 0.03125
0 0.66640625 0.23359375 0.01875 0.0328125
0 0.5515625 0.1578125 0.0171875 0.0265625
0 0.2 0.05390625 0.0125 0.0171875
1 0.196875 0.1609375 0.0109375 0.0171875
1 0.67265625 0.3671875 0.015625 0.0234375
1 0.55 0.28203125 0.015625 0.0234375