2 0.70234375 0.5078125 0.109375 0.121875
0 0.70859375 0.4609375 0.0328125 0.0203125
1 0.71328125 0.5375 0.0296875 0.0140625
2 0.83125 0.4359375 0.0859375 0.0984375
0 0.8375 0.39765625 0.028125 0.0171875
1 0.8453125 0.4609375 0.0265625 0.0125
2 0.8921875 0.375 0.078125 0.08125
0 0.90859375 0.346875 0.01875 0.0109375
0 0.896875 0.3421875 0.01875 0.0125
1 0.90546875 0.39453125 0.021875 0.009375
2 0.5375 0.33671875 0.0609375 0.0765625
0 0.5390625 0.3046875 0.0171875 0.0109375
1 0.53984375 0.3515625 0.0171875 0.0078125
2 0.6546875 0.32734375 0.046875 0.0609375
2 0.71796875 0.35 0.053125 0.0671875
2 0.95390625 0.35078125 0.0609375 0.065625
2 0.4453125 0.321875 0.0515625 0.06875
0 0.65703125 0.3015625 0.0140625 0.0078125
0 0.44609375 0.29375 0.0171875 0.009375
0 0.72265625 0.32265625 0.0234375 0.0109375
0 0.9609375 0.325 0.01875 0.0109375
1 0.65703125 0.33828125 0.0140625 0.0078125
1 0.7234375 0.36484375 0.0171875 0.0078125
1 0.96484375 0.3625 0.015625 0.0078125
2 0.7921875 0.296875 0.0578125 0.0546875
2 0.55625 0.2578125 0.0421875 0.0421875
0 0.78984375 0.27421875 0.0125 0.0078125