2 0.58359375 0.8671875 0.078125 0.21875
0 0.575 0.77734375 0.01875 0.0328125
1 0.5890625 0.91875 0.0171875 0.025
0 0.715625 0.91015625 0.0234375 0.04375
2 0.753125 0.51171875 0.040625 0.1203125
0 0.759375 0.46796875 0.0078125 0.0140625
0 0.75625 0.46328125 0.009375 0.0140625
2 0.690625 0.440625 0.0328125 0.0953125
0 0.690625 0.39921875 0.0078125 0.0140625
2 0.740625 0.42421875 0.0328125 0.0921875
0 0.74140625 0.38515625 0.0078125 0.0125
2 0.40078125 0.4546875 0.028125 0.1
0 0.39609375 0.41328125 0.0078125 0.0140625
2 0.5203125 0.3265625 0.021875 0.065625
0 0.51953125 0.3 0.00625 0.009375
2 0.6265625 0.35234375 0.025 0.08125
0 0.625 0.31953125 0.0078125 0.0125
1 0.6328125 0.37109375 0.0046875 0.0078125
1 0.52421875 0.34765625 0.0046875 0.0078125
1 0.7 0.46484375 0.0078125 0.009375
1 0.4 0.47734375 0.0078125 0.0109375
1 0.7515625 0.45234375 0.0078125 0.009375
2 0.59296875 0.30390625 0.01875 0.059375
0 0.59140625 0.27890625 0.0046875 0.0078125
1 0.59375 0.3203125 0.0046875 0.00625