2 0.66640625 0.584375 0.040625 0.13828125
0 0.6671875 0.525 0.0109375 0.01875
1 0.67578125 0.61875 0.0109375 0.0140625
2 0.72578125 0.50859375 0.03984375 0.121875
0 0.72890625 0.45625 0.01015625 0.01484375
1 0.7359375 0.53515625 0.009375 0.0125
2 0.78046875 0.51171875 0.0375 0.1140625
0 0.7859375 0.46484375 0.01171875 0.01875
1 0.78984375 0.5359375 0.009375 0.0125
2 0.66875 0.46953125 0.03046875 0.10546875
0 0.6703125 0.425 0.01015625 0.01640625
1 0.67421875 0.49453125 0.00859375 0.0109375
2 0.88671875 0.4890625 0.0359375 0.1125
0 0.89140625 0.44140625 0.009375 0.01484375
1 0.9 0.51328125 0.01015625 0.01171875
0 0.78828125 0.39453125 0.00859375 0.01328125