2 0.39140625 0.47578125 0.0578125 0.1703125
2 0.12421875 0.66640625 0.09375 0.21875
0 0.11171875 0.57109375 0.0234375 0.0265625
0 0.38671875 0.40078125 0.015625 0.021875
1 0.09375 0.7234375 0.0203125 0.0296875
2 0.14296875 0.396875 0.05 0.1421875
1 0.12734375 0.4359375 0.0125 0.0171875
1 0.375 0.51484375 0.0140625 0.01875
2 0.5875 0.2703125 0.034375 0.1171875
2 0.4609375 0.253125 0.0328125 0.1078125
2 0.28359375 0.22421875 0.03125 0.0984375
2 0.03125 0.46875 0.0625 0.159375
1 0.00390625 0.50625 0.0078125 0.015625
1 0.5875 0.29453125 0.0078125 0.0109375
1 0.45390625 0.28515625 0.0078125 0.009375
1 0.2765625 0.2421875 0.00625 0.0078125
0 0.4609375 0.20625 0.0109375 0.0140625
0 0.2875 0.18359375 0.009375 0.0109375
0 0.14140625 0.33671875 0.0125 0.0171875
0 0.12890625 0.33828125 0.0125 0.01875
0 0.015625 0.40390625 0.01875 0.028125