2 0.1875 0.8484375 0.084375 0.1953125
0 0.17421875 0.77109375 0.0203125 0.0328125
1 0.1671875 0.90234375 0.0171875 0.021875
2 0.42578125 0.5984375 0.046875 0.1328125
0 0.421875 0.5453125 0.0140625 0.0234375
1 0.4203125 0.6265625 0.0109375 0.0140625
2 0.34453125 0.49140625 0.0390625 0.1046875
0 0.3390625 0.45234375 0.009375 0.0171875
1 0.3421875 0.515625 0.009375 0.0109375
2 0.55234375 0.42265625 0.0328125 0.0984375
0 0.54921875 0.3828125 0.009375 0.015625
1 0.55546875 0.44453125 0.0078125 0.009375
2 0.6 0.40703125 0.0296875 0.0859375
0 0.59765625 0.37109375 0.0078125 0.009375
0 0.59921875 0.371875 0.0078125 0.0125
1 0.60234375 0.42734375 0.0078125 0.009375