2 0.67265625 0.78203125 0.053125 0.190625
0 0.6765625 0.70234375 0.0140625 0.028125
1 0.68359375 0.84921875 0.0140625 0.01875
2 0.8296875 0.62578125 0.0546875 0.1421875
0 0.83515625 0.5671875 0.0125 0.021875
1 0.846875 0.66796875 0.0109375 0.0140625
2 0.87578125 0.59296875 0.05 0.1265625
1 0.8953125 0.6171875 0.0109375 0.0140625
0 0.8796875 0.53671875 0.0140625 0.0140625
2 0.49765625 0.33515625 0.0171875 0.0625
0 0.4984375 0.309375 0.00625 0.0078125
2 0.634375 0.34609375 0.021875 0.0671875
0 0.63671875 0.31796875 0.00625 0.009375
1 0.50078125 0.35546875 0.0046875 0.00625
1 0.6375 0.36015625 0.0046875 0.0078125