1 0.784375 0.93125 0.06171875 0.1375
0 0.7953125 0.87890625 0.01875 0.0328125
2 0.7375 0.6609375 0.03984375 0.1453125
0 0.7453125 0.5984375 0.0125 0.0203125
1 0.7484375 0.70625 0.01171875 0.01796875
2 0.59140625 0.5578125 0.03671875 0.1390625
0 0.59765625 0.50390625 0.0109375 0.01328125
0 0.5953125 0.4984375 0.0109375 0.01875
1 0.59453125 0.59609375 0.01015625 0.0140625
2 0.66640625 0.52734375 0.0421875 0.12734375
0 0.66796875 0.47265625 0.00859375 0.01640625
0 0.6765625 0.4796875 0.01015625 0.01640625
1 0.6734375 0.55703125 0.009375 0.01328125
2 0.56953125 0.4734375 0.0265625 0.1125
0 0.571875 0.43359375 0.009375 0.01484375
0 0.571875 0.4234375 0.00859375 0.0125
1 0.571875 0.4984375 0.00859375 0.01171875