2 0.53515625 0.353125 0.0359375 0.078125
1 0.53828125 0.36796875 0.00625 0.009375
2 0.3859375 0.58671875 0.059375 0.1265625
0 0.375 0.53515625 0.0140625 0.0203125
1 0.384375 0.6125 0.0125 0.015625
2 0.33203125 0.5515625 0.05625 0.1109375
0 0.3140625 0.51171875 0.0125 0.01875
1 0.3296875 0.578125 0.0109375 0.0125
2 0.396875 0.36015625 0.053125 0.0828125
2 0.36328125 0.41875 0.0375 0.0875
2 0.28515625 0.49921875 0.0453125 0.0953125
2 0.27265625 0.45078125 0.0421875 0.0875
2 0.33984375 0.39921875 0.03125 0.0765625
2 0.32265625 0.35703125 0.03125 0.0640625
2 0.36171875 0.3265625 0.028125 0.05625
0 0.39765625 0.3265625 0.0078125 0.0140625
0 0.35390625 0.384375 0.009375 0.0125
0 0.3328125 0.36796875 0.0078125 0.0109375
0 0.3171875 0.33359375 0.0078125 0.0109375
0 0.35546875 0.30546875 0.00625 0.0109375
0 0.27421875 0.46015625 0.0109375 0.0140625
0 0.26171875 0.41953125 0.0140625 0.015625
1 0.2796875 0.51640625 0.009375 0.0109375
1 0.36328125 0.43671875 0.0078125 0.009375
1 0.34296875 0.4234375 0.0078125 0.009375
1 0.3203125 0.36953125 0.00625 0.0078125
1 0.359375 0.3390625 0.0078125 0.0078125