2 0.31640625 0.84609375 0.128125 0.253125
0 0.33203125 0.75 0.03125 0.046875
1 0.27890625 0.94453125 0.0265625 0.0359375
2 0.58046875 0.19140625 0.0421875 0.0859375
2 0.49609375 0.1921875 0.0421875 0.0890625
2 0.54296875 0.14296875 0.034375 0.075
2 0.43203125 0.2703125 0.0515625 0.1125
1 0.57734375 0.21015625 0.0078125 0.009375
1 0.5375 0.15625 0.0078125 0.009375
1 0.41953125 0.303125 0.009375 0.009375
1 0.4859375 0.21328125 0.0078125 0.009375
0 0.440625 0.22421875 0.0109375 0.0171875
0 0.58984375 0.1609375 0.0078125 0.0109375
0 0.58671875 0.15625 0.009375 0.009375
0 0.55 0.11171875 0.0078125 0.009375
0 0.50234375 0.1546875 0.009375 0.0125