2 0.16484375 0.63203125 0.0875 0.20625
2 0.1640625 0.5078125 0.071875 0.1546875
0 0.1625 0.5453125 0.01875 0.0265625
1 0.1484375 0.6734375 0.0140625 0.0203125
2 0.29765625 0.78203125 0.08125 0.25
2 0.45625 0.4640625 0.0515625 0.15625
2 0.37890625 0.4359375 0.0453125 0.1484375
2 0.2390625 0.46640625 0.0515625 0.171875
2 0.0390625 0.49609375 0.0703125 0.1671875
2 0.51328125 0.33828125 0.034375 0.125
2 0.4765625 0.31328125 0.034375 0.115625
2 0.50546875 0.225 0.0265625 0.0921875
2 0.446875 0.20859375 0.0265625 0.090625
2 0.26953125 0.284375 0.0359375 0.1046875
2 0.2421875 0.24921875 0.0359375 0.1
2 0.2109375 0.23359375 0.034375 0.090625
2 0.178125 0.2828125 0.0375 0.1140625
2 0.15859375 0.40703125 0.05 0.1375
2 0.3078125 0.1953125 0.0265625 0.0890625
1 0.503125 0.246875 0.00625 0.009375
1 0.44453125 0.22890625 0.0078125 0.009375
1 0.4734375 0.3359375 0.0078125 0.0109375
1 0.4484375 0.49921875 0.0125 0.0140625
1 0.36484375 0.4703125 0.0125 0.015625
1 0.30078125 0.2109375 0.00625 0.009375
1 0.259375 0.3109375 0.0078125 0.009375
1 0.221875 0.50859375 0.0109375 0.015625
1 0.2796875 0.84765625 0.01875 0.025
1 0.015625 0.54140625 0.0140625 0.015625
1 0.1375 0.54609375 0.0109375 0.0171875
1 0.14609375 0.45390625 0.0109375 0.0140625
1 0.2328125 0.275 0.0078125 0.009375
1 0.16796875 0.30390625 0.0078125 0.009375
1 0.20390625 0.25234375 0.0078125 0.009375
0 0.29921875 0.67734375 0.01875 0.0328125
0 0.0296875 0.4234375 0.0171875 0.021875
0 0.22890625 0.396875 0.0140625 0.0234375
0 0.15546875 0.4421875 0.0171875 0.0265625
0 0.37890625 0.36953125 0.0125 0.0171875
0 0.46015625 0.4015625 0.0140625 0.025
0 0.15546875 0.34921875 0.0125 0.0203125
0 0.26796875 0.23984375 0.009375 0.015625
0 0.24296875 0.2078125 0.009375 0.015625
0 0.23671875 0.2078125 0.0078125 0.0140625
0 0.47890625 0.265625 0.0109375 0.01875
0 0.5140625 0.28515625 0.0109375 0.01875
0 0.50703125 0.18671875 0.0078125 0.0140625
0 0.44765625 0.1703125 0.009375 0.0140625
0 0.1765625 0.23515625 0.009375 0.0140625
0 0.30859375 0.15625 0.0078125 0.0125
1 0.50859375 0.3796875 0.0109375 0.0125