2 0.7328125 0.571875 0.0515625 0.15
0 0.73359375 0.51015625 0.015625 0.025
1 0.75234375 0.6046875 0.009375 0.0140625
2 0.89921875 0.5703125 0.0578125 0.1390625
0 0.90625 0.51328125 0.0140625 0.0203125
1 0.915625 0.6015625 0.0109375 0.0125
2 0.7109375 0.4640625 0.03125 0.103125
0 0.71328125 0.42109375 0.009375 0.015625
1 0.7203125 0.48359375 0.009375 0.0109375
2 0.74140625 0.44765625 0.0359375 0.1109375
0 0.74296875 0.39921875 0.0078125 0.0140625
1 0.7515625 0.46953125 0.0078125 0.0109375
2 0.80625 0.43359375 0.03125 0.0921875
0 0.81015625 0.39375 0.0078125 0.0125
1 0.815625 0.4515625 0.0078125 0.009375