2 0.51484375 0.5078125 0.2828125 0.321875
1 0.41953125 0.56171875 0.0734375 0.0296875
2 0.7484375 0.41640625 0.0828125 0.103125
2 0.83984375 0.4296875 0.090625 0.1234375
2 0.63203125 0.41015625 0.0875 0.0953125
1 0.6140625 0.42578125 0.0265625 0.0140625
0 0.63515625 0.371875 0.03125 0.0109375
0 0.615625 0.37578125 0.0234375 0.0140625
0 0.74921875 0.37578125 0.034375 0.0140625
0 0.8359375 0.3765625 0.0375 0.0140625
1 0.83046875 0.44375 0.04375 0.0140625
1 0.73046875 0.4328125 0.0421875 0.0125
2 0.44921875 0.41953125 0.1484375 0.125
0 0.4375 0.36796875 0.05625 0.015625
1 0.3921875 0.43984375 0.0375 0.01875