2 0.45078125 0.6421875 0.075 0.3015625
0 0.45390625 0.51171875 0.02265625 0.0359375
1 0.45859375 0.69921875 0.021875 0.0296875
2 0.32421875 0.3875 0.06015625 0.2375
0 0.31796875 0.2890625 0.0171875 0.03515625
1 0.3203125 0.45625 0.01875 0.025
2 0.5515625 0.371875 0.06015625 0.221875
0 0.56015625 0.278125 0.01953125 0.0328125
0 0.5515625 0.2734375 0.01328125 0.025
1 0.55703125 0.41953125 0.0171875 0.02265625
2 0.734375 0.328125 0.06171875 0.228125
0 0.73828125 0.23203125 0.01875 0.03515625
1 0.75078125 0.37734375 0.01640625 0.02265625