2 0.64765625 0.66953125 0.04921875 0.17421875
0 0.6484375 0.59296875 0.0125 0.021875
1 0.65703125 0.7125 0.0125 0.01796875
2 0.69453125 0.48046875 0.0359375 0.11953125
0 0.6984375 0.43125 0.01015625 0.0125
1 0.70078125 0.49921875 0.00859375 0.01171875
2 0.79140625 0.40390625 0.02890625 0.09609375
0 0.79375 0.3640625 0.0078125 0.01328125
1 0.7984375 0.43125 0.00703125 0.009375
2 0.63828125 0.4046875 0.0265625 0.09140625
0 0.64453125 0.3703125 0.00703125 0.01015625
0 0.640625 0.3671875 0.00703125 0.01328125