2 0.48046875 0.8171875 0.0796875 0.365625
0 0.48203125 0.6609375 0.03125 0.05078125
1 0.484375 0.91484375 0.02734375 0.03671875
2 0.340625 0.55546875 0.071875 0.303125
0 0.334375 0.4265625 0.021875 0.04453125
1 0.33984375 0.6265625 0.02265625 0.03125
2 0.43359375 0.309375 0.05625 0.22421875
0 0.43203125 0.215625 0.01796875 0.03359375
1 0.4375 0.35546875 0.0171875 0.021875
2 0.2984375 0.36796875 0.05234375 0.24453125
2 0.37734375 0.12421875 0.04140625 0.171875
2 0.525 0.12578125 0.03515625 0.17578125
2 0.8140625 0.121875 0.04140625 0.171875
1 0.29921875 0.41875 0.01640625 0.0234375
1 0.52890625 0.16171875 0.01328125 0.0171875
1 0.378125 0.1640625 0.01171875 0.01640625
1 0.825 0.1515625 0.01484375 0.01640625
0 0.37578125 0.0484375 0.01328125 0.02265625
0 0.52421875 0.05 0.01171875 0.01796875
0 0.81953125 0.05078125 0.01015625 0.01953125