2 0.65703125 0.59453125 0.21875 0.26015625
0 0.653125 0.484375 0.053125 0.0296875
1 0.68203125 0.65625 0.05546875 0.02265625
2 0.43359375 0.66328125 0.221875 0.27421875
0 0.4171875 0.546875 0.05703125 0.034375
1 0.43359375 0.73046875 0.06015625 0.0234375
2 0.10546875 0.61875 0.2109375 0.25390625
0 0.07109375 0.51015625 0.053125 0.0328125
1 0.08671875 0.678125 0.0546875 0.021875
0 0.89609375 0.84609375 0.1109375 0.065625
2 0.26953125 0.14140625 0.0828125 0.11796875
0 0.25234375 0.08984375 0.02578125 0.0125
1 0.2625 0.17109375 0.025 0.0125
2 0.7125 0.11640625 0.09140625 0.10703125
1 0.72734375 0.14453125 0.0265625 0.0125
0 0.7171875 0.06953125 0.0265625 0.0140625