2 0.8171875 0.478125 0.09375 0.175
0 0.80546875 0.4125 0.0203125 0.0296875
1 0.840625 0.51015625 0.0140625 0.01875
2 0.528125 0.38828125 0.0578125 0.11875
0 0.5171875 0.3421875 0.0125 0.01875
2 0.4453125 0.2546875 0.0390625 0.0875
2 0.38125 0.2421875 0.0390625 0.08125
1 0.38515625 0.26015625 0.0078125 0.009375
1 0.45 0.27109375 0.009375 0.0125
1 0.5421875 0.4234375 0.0125 0.0140625
2 0.47890625 0.24296875 0.0359375 0.078125
2 0.31328125 0.19453125 0.028125 0.0640625
2 0.35234375 0.2140625 0.034375 0.0703125
2 0.48671875 0.19921875 0.034375 0.0734375
2 0.53359375 0.17109375 0.0328125 0.065625
1 0.315625 0.20390625 0.00625 0.0078125
1 0.35625 0.23125 0.0078125 0.009375
1 0.4890625 0.21171875 0.00625 0.00625
1 0.5421875 0.184375 0.00625 0.009375
0 0.528125 0.14609375 0.0078125 0.009375
0 0.48125 0.16796875 0.009375 0.0125
0 0.471875 0.209375 0.0078125 0.009375