2 0.77734375 0.76484375 0.053125 0.18828125
0 0.7796875 0.6859375 0.0171875 0.028125
1 0.79296875 0.8125 0.0140625 0.01875
2 0.73515625 0.5640625 0.040625 0.121875
0 0.740625 0.5125 0.0109375 0.01796875
1 0.74921875 0.5953125 0.009375 0.01328125
2 0.50625 0.44921875 0.025 0.09765625
0 0.5078125 0.4078125 0.0078125 0.0140625
1 0.51171875 0.4671875 0.00703125 0.01015625
2 0.609375 0.396875 0.02421875 0.08515625
0 0.6109375 0.3609375 0.00703125 0.01328125
1 0.61328125 0.4171875 0.00625 0.0078125
2 0.721875 0.36953125 0.021875 0.07734375
2 0.53046875 0.38046875 0.0203125 0.07734375
1 0.534375 0.40078125 0.00625 0.00625
2 0.54609375 0.30078125 0.01484375 0.0609375
1 0.54921875 0.31171875 0.0046875 0.00546875
2 0.62734375 0.27578125 0.01328125 0.046875
1 0.6296875 0.290625 0.0046875 0.00546875
0 0.53046875 0.34765625 0.00625 0.01171875
0 0.546875 0.275 0.0046875 0.00859375
0 0.628125 0.25703125 0.0046875 0.00859375
2 0.66484375 0.30390625 0.015625 0.0609375
0 0.6671875 0.27734375 0.0046875 0.0078125