2 0.6375 0.6125 0.06875 0.2046875
0 0.64921875 0.53125 0.0203125 0.034375
1 0.653125 0.6625 0.015625 0.0203125
2 0.659375 0.88984375 0.096875 0.2203125
0 0.67265625 0.7984375 0.025 0.03125
2 0.5 0.33046875 0.034375 0.11875
2 0.534375 0.40078125 0.0375 0.1359375
1 0.50234375 0.35703125 0.0078125 0.0125
1 0.53828125 0.43046875 0.009375 0.0140625
0 0.53828125 0.3421875 0.0125 0.01875
2 0.47109375 0.17734375 0.0234375 0.08125
2 0.49375 0.209375 0.0234375 0.090625
1 0.49609375 0.22734375 0.00625 0.0078125
1 0.4703125 0.20234375 0.00625 0.0078125
0 0.4734375 0.14296875 0.00625 0.009375
0 0.4953125 0.1703125 0.0078125 0.0125