2 0.39453125 0.70078125 0.10625 0.3375
0 0.38671875 0.56171875 0.0265625 0.053125
1 0.38125 0.7828125 0.0265625 0.0328125
2 0.6828125 0.4609375 0.0703125 0.2671875
0 0.6828125 0.34921875 0.021875 0.040625
1 0.6859375 0.5171875 0.021875 0.0265625
2 0.5671875 0.69375 0.084375 0.3203125
1 0.565625 0.7859375 0.025 0.0375
2 0.6671875 0.23125 0.05 0.19375
1 0.66953125 0.26875 0.0140625 0.0234375
2 0.59375 0.13515625 0.0546875 0.165625
1 0.596875 0.18515625 0.015625 0.025
2 0.28515625 0.09296875 0.0453125 0.15625
1 0.28125 0.1171875 0.0125 0.0171875
2 0.1953125 0.09609375 0.05625 0.171875
1 0.18828125 0.12734375 0.0140625 0.0203125
2 0.1078125 0.1625 0.0609375 0.1734375
1 0.09453125 0.20078125 0.0125 0.0171875
0 0.5640625 0.55234375 0.0265625 0.0359375
0 0.10234375 0.08671875 0.015625 0.0265625
0 0.59765625 0.0671875 0.0109375 0.0203125
0 0.59453125 0.05859375 0.0125 0.0203125
0 0.28359375 0.0234375 0.0125 0.021875
0 0.19296875 0.02109375 0.0125 0.01875
0 0.18125 0.0234375 0.015625 0.01875