2 0.62890625 0.584375 0.0484375 0.1375
0 0.6328125 0.528125 0.0125 0.021875
0 0.64140625 0.5421875 0.0109375 0.015625
1 0.6328125 0.61640625 0.0109375 0.0140625
2 0.80234375 0.5765625 0.05625 0.13125
2 0.93828125 0.54375 0.0546875 0.128125
2 0.77421875 0.5078125 0.040625 0.1125
2 0.6171875 0.3546875 0.025 0.078125
2 0.6921875 0.3359375 0.0265625 0.078125
1 0.6203125 0.3703125 0.00625 0.0078125
1 0.69609375 0.35 0.0046875 0.0078125
1 0.809375 0.6046875 0.009375 0.0109375
1 0.7828125 0.5296875 0.0078125 0.009375
1 0.953125 0.5625 0.009375 0.0125
0 0.78203125 0.45859375 0.009375 0.0125
0 0.9546875 0.49140625 0.0125 0.0171875