2 0.5578125 0.8125 0.165625 0.3734375
0 0.521875 0.66015625 0.0421875 0.05625
1 0.58515625 0.90625 0.0359375 0.0421875
2 0.35859375 0.5921875 0.14375 0.3109375
0 0.321875 0.46875 0.03125 0.0484375
1 0.375 0.66171875 0.0296875 0.0359375
2 0.3890625 0.33125 0.109375 0.23125
0 0.365625 0.240625 0.025 0.0375
1 0.4046875 0.375 0.021875 0.025
2 0.27265625 0.4203125 0.109375 0.25
2 0.28984375 0.16484375 0.08125 0.1765625
2 0.43359375 0.13046875 0.0765625 0.1796875
2 0.7125 0.07265625 0.08125 0.1453125
1 0.28515625 0.46953125 0.021875 0.0265625
1 0.44609375 0.16484375 0.0171875 0.0203125
1 0.30078125 0.20390625 0.015625 0.01875
1 0.73125 0.08359375 0.01875 0.01875
0 0.2703125 0.0921875 0.01875 0.025
0 0.41484375 0.0578125 0.015625 0.0203125