2 0.2203125 0.71484375 0.0546875 0.1640625
0 0.21875 0.646875 0.0140625 0.0234375
1 0.203125 0.75390625 0.0125 0.015625
2 0.18515625 0.64765625 0.059375 0.1515625
0 0.18203125 0.5875 0.0140625 0.0265625
1 0.1671875 0.6875 0.0125 0.0171875
2 0.14453125 0.6140625 0.053125 0.1453125
0 0.1328125 0.5640625 0.0125 0.0203125
0 0.1453125 0.553125 0.0140625 0.01875
1 0.13125 0.64765625 0.0109375 0.015625
2 0.41015625 0.57890625 0.0421875 0.134375
0 0.40859375 0.5234375 0.0109375 0.0203125
1 0.40078125 0.60625 0.009375 0.0125