2 0.0890625 0.73359375 0.0828125 0.2140625
2 0.23828125 0.453125 0.0578125 0.1453125
0 0.24140625 0.39375 0.0140625 0.021875
0 0.2296875 0.41015625 0.0140625 0.021875
1 0.22578125 0.48984375 0.0109375 0.0140625
2 0.17734375 0.46640625 0.0578125 0.1515625
0 0.1734375 0.4046875 0.0140625 0.025
1 0.159375 0.49921875 0.0109375 0.015625
2 0.46484375 0.42734375 0.046875 0.1390625
0 0.46953125 0.3703125 0.0109375 0.0203125
0 0.4734375 0.384375 0.0140625 0.0203125
1 0.459375 0.45703125 0.0109375 0.0125
2 0.5015625 0.3328125 0.0375 0.10625
0 0.50625 0.28984375 0.0109375 0.015625
0 0.49765625 0.29921875 0.009375 0.015625
1 0.49296875 0.36171875 0.009375 0.0125
2 0.23984375 0.3265625 0.05625 0.10625
1 0.23125 0.35078125 0.0109375 0.0125
0 0.240625 0.28203125 0.009375 0.0125