2 0.49375 0.59296875 0.0984375 0.2078125
1 0.49921875 0.6453125 0.0203125 0.025
0 0.478125 0.509375 0.025 0.0328125
2 0.353125 0.671875 0.1 0.20625
2 0.265625 0.675 0.1078125 0.2078125
2 0.34140625 0.43515625 0.0734375 0.153125
2 0.26015625 0.43203125 0.0640625 0.1390625
2 0.1828125 0.4390625 0.0703125 0.134375
2 0.09375 0.55078125 0.0890625 0.159375
2 0.0828125 0.465625 0.065625 0.11875
2 0.38046875 0.31875 0.0578125 0.1109375
2 0.45234375 0.36875 0.0625 0.1328125
2 0.43203125 0.2859375 0.0453125 0.096875
2 0.40234375 0.234375 0.0453125 0.096875
1 0.34921875 0.72109375 0.01875 0.021875
1 0.25234375 0.725 0.01875 0.0234375
1 0.0828125 0.59765625 0.0109375 0.015625
1 0.1734375 0.471875 0.0125 0.0171875
1 0.26171875 0.4734375 0.0125 0.015625
1 0.34140625 0.48125 0.0125 0.0140625
1 0.45 0.40234375 0.0109375 0.0140625
1 0.38515625 0.34375 0.0109375 0.0125
0 0.3921875 0.19453125 0.0078125 0.0125
0 0.41953125 0.246875 0.0109375 0.015625
0 0.43515625 0.31640625 0.0140625 0.0203125
0 0.3703125 0.28359375 0.0109375 0.015625
0 0.32578125 0.375 0.0140625 0.0234375
0 0.2421875 0.3765625 0.0140625 0.01875
0 0.16640625 0.38671875 0.0171875 0.0203125
0 0.06328125 0.421875 0.015625 0.0203125
0 0.0703125 0.48671875 0.0203125 0.0234375
0 0.3296875 0.590625 0.0234375 0.034375
0 0.2375 0.59296875 0.0265625 0.03125