2 0.409375 0.73515625 0.128125 0.3484375
0 0.4203125 0.5921875 0.03125 0.053125
1 0.3875 0.81953125 0.0265625 0.0328125
2 0.59765625 0.35078125 0.08125 0.2265625
2 0.5015625 0.2515625 0.071875 0.209375
2 0.1625 0.19375 0.0796875 0.203125
1 0.14375 0.2375 0.015625 0.0203125
1 0.5875 0.4234375 0.0203125 0.021875
1 0.490625 0.29765625 0.01875 0.0234375
0 0.609375 0.2609375 0.0234375 0.0328125
0 0.5125 0.16953125 0.015625 0.028125
0 0.50703125 0.1625 0.015625 0.025
0 0.1671875 0.109375 0.015625 0.028125
0 0.15859375 0.109375 0.0171875 0.021875