2 0.86015625 0.82734375 0.1046875 0.21875
0 0.853125 0.7390625 0.025 0.0328125
1 0.89140625 0.8859375 0.0171875 0.025
2 0.75390625 0.58046875 0.06875 0.1484375
0 0.746875 0.51875 0.015625 0.021875
1 0.771875 0.609375 0.0140625 0.0171875
2 0.91328125 0.5484375 0.084375 0.15625
0 0.90625 0.484375 0.0171875 0.021875
0 0.9203125 0.49765625 0.0171875 0.025
1 0.93359375 0.5828125 0.0140625 0.015625
0 0.85859375 0.43359375 0.015625 0.021875
2 0.859375 0.48203125 0.0609375 0.1328125
1 0.86953125 0.509375 0.0125 0.0140625
2 0.73125 0.47578125 0.053125 0.115625
0 0.7296875 0.4296875 0.0125 0.01875
2 0.603125 0.51015625 0.05625 0.1296875
0 0.596875 0.4578125 0.0125 0.01875
1 0.6140625 0.534375 0.0125 0.0140625
2 0.7625 0.38046875 0.046875 0.0984375
1 0.7765625 0.41328125 0.0078125 0.0109375
2 0.80859375 0.33203125 0.040625 0.0890625
1 0.82109375 0.35 0.0078125 0.009375
1 0.746875 0.50390625 0.0109375 0.0125
0 0.75859375 0.340625 0.0109375 0.0140625
0 0.80546875 0.2953125 0.009375 0.0109375