2 0.79765625 0.88515625 0.06875 0.209375
0 0.80625 0.796875 0.01953125 0.03046875
1 0.81875 0.9484375 0.0140625 0.02265625
2 0.7359375 0.6234375 0.04375 0.14375
0 0.73984375 0.56171875 0.0125 0.0203125
1 0.7484375 0.6546875 0.0109375 0.015625
2 0.8984375 0.61953125 0.059375 0.1484375
0 0.903125 0.55546875 0.01328125 0.01953125
0 0.9140625 0.5703125 0.01328125 0.02265625
1 0.9125 0.65703125 0.01171875 0.0140625
0 0.86484375 0.496875 0.0125 0.01953125
2 0.85703125 0.54453125 0.03984375 0.12734375
1 0.8625 0.5734375 0.01015625 0.0125
2 0.73203125 0.51640625 0.03359375 0.1109375
0 0.73828125 0.4703125 0.01015625 0.0171875
2 0.6 0.528125 0.034375 0.125
0 0.603125 0.475 0.009375 0.0171875
1 0.60625 0.55390625 0.01015625 0.01328125
2 0.77890625 0.428125 0.03125 0.09453125
1 0.7875 0.4625 0.00703125 0.009375
2 0.8328125 0.38828125 0.02578125 0.0859375
1 0.8421875 0.4078125 0.00625 0.0078125
1 0.7421875 0.546875 0.00859375 0.01171875
0 0.78203125 0.3875 0.00859375 0.01328125
0 0.83671875 0.3515625 0.00703125 0.01015625