2 0.7015625 0.89609375 0.0828125 0.2078125
0 0.71875 0.846875 0.02109375 0.04453125
0 0.70625 0.8171875 0.0265625 0.04375
2 0.81875 0.56171875 0.05078125 0.16015625
0 0.82734375 0.49609375 0.0171875 0.02734375
1 0.8359375 0.60234375 0.0125 0.01640625
2 0.7578125 0.3859375 0.0390625 0.121875
0 0.7625 0.3359375 0.0109375 0.0171875
1 0.7671875 0.40859375 0.00859375 0.01328125
2 0.509375 0.3484375 0.03046875 0.1203125
1 0.5125 0.37265625 0.00859375 0.0109375
2 0.571875 0.221875 0.0203125 0.0796875
0 0.571875 0.18828125 0.00703125 0.0109375
2 0.58203125 0.27578125 0.02265625 0.0921875
0 0.5828125 0.234375 0.0078125 0.01015625
2 0.646875 0.20234375 0.01953125 0.0765625
0 0.6484375 0.17109375 0.00546875 0.009375
1 0.584375 0.296875 0.0078125 0.009375
1 0.6515625 0.22578125 0.00625 0.0078125