2 0.27890625 0.58828125 0.178125 0.6203125
0 0.26953125 0.31171875 0.04453125 0.0640625
1 0.225 0.7265625 0.0484375 0.0640625
1 0.5078125 0.60390625 0.02890625 0.0390625
0 0.346875 0.33828125 0.03046875 0.04765625
2 0.42734375 0.4484375 0.05546875 0.22890625
1 0.4375 0.5078125 0.01796875 0.02578125
0 0.4203125 0.346875 0.0203125 0.02890625
2 0.50625 0.5046875 0.08359375 0.39375
0 0.50703125 0.33125 0.02734375 0.03828125
2 0.1796875 0.4046875 0.0453125 0.1546875
1 0.1765625 0.43046875 0.0125 0.015625
0 0.17578125 0.340625 0.01328125 0.02109375
2 0.35625 0.503125 0.08359375 0.3828125
2 0.215625 0.39609375 0.02265625 0.1234375
0 0.2140625 0.3421875 0.01015625 0.0125