2 0.559375 0.6 0.03671875 0.1578125
1 0.56484375 0.6390625 0.01171875 0.01640625
2 0.6328125 0.53984375 0.0359375 0.13359375
0 0.63359375 0.48125 0.0109375 0.015625
1 0.6390625 0.5640625 0.01015625 0.01328125
2 0.65546875 0.46953125 0.0265625 0.10234375
0 0.66015625 0.4265625 0.00859375 0.0140625
1 0.6609375 0.49921875 0.00859375 0.01171875
2 0.8578125 0.49765625 0.03828125 0.1171875
2 0.55703125 0.36484375 0.0203125 0.08515625
2 0.61328125 0.36484375 0.02578125 0.08359375
2 0.6734375 0.3515625 0.02265625 0.07734375
1 0.55859375 0.3859375 0.00625 0.00859375
1 0.6171875 0.3828125 0.00546875 0.0078125
1 0.678125 0.36640625 0.00625 0.0078125
1 0.8734375 0.5296875 0.0078125 0.0109375
0 0.86953125 0.459375 0.00859375 0.01328125
0 0.86484375 0.44609375 0.01015625 0.015625
0 0.6140625 0.32734375 0.00625 0.009375
0 0.61796875 0.33046875 0.00703125 0.01015625
0 0.559375 0.328125 0.00546875 0.0078125
0 0.5578125 0.32578125 0.00625 0.0078125