2 0.27109375 0.56484375 0.2421875 0.6359375
0 0.290625 0.28828125 0.0515625 0.06875
1 0.203125 0.696875 0.0546875 0.06875
1 0.496875 0.60390625 0.0328125 0.0421875
0 0.36484375 0.3234375 0.0359375 0.05
2 0.4328125 0.44140625 0.0796875 0.2328125
1 0.43671875 0.5015625 0.0203125 0.028125
0 0.43671875 0.3390625 0.0234375 0.03125
2 0.50546875 0.50546875 0.125 0.4
0 0.525 0.3328125 0.03125 0.040625
2 0.19140625 0.371875 0.0609375 0.1578125
1 0.1859375 0.396875 0.0140625 0.0171875
0 0.19453125 0.3078125 0.015625 0.021875
2 0.35703125 0.48828125 0.1234375 0.3890625
2 0.228125 0.3671875 0.0359375 0.125
0 0.23203125 0.31328125 0.0109375 0.0140625